1900
5699
566  6052
607  75423
662  192715
685  219711
697  237674
717  246283
719  248275
720  250114
726  253328
737  267614
853  403705
857  409146
873  410582
884  412501
886  416288
887  416574
911  420007
915  425059
919  427808
925  428412
931  431465
950  433550
958  450061
964  462297
21855  0
21856  16
21864  31
21865  45
21866  64
21867  79
21871  96
21872  163
21893  186
21894  354
21895  563
21896  597
21897  781
21901  1210
21904  1352
21906  1368
21907  1394
21908  1488
21910  1512
21911  1922
21912  2002
21913  2020
21932  2073
21934  2183
21936  2354
21939  2463
21940  2704
21942  2749
21944  2953
21946  2968
21948  3037
21949  3062
21951  3102
21952  3187
21956  3301
21971  3328
21973  3818
21974  3851
21975  4053
21977  4505
21979  4519
21981  4618
21982  4692
21983  4743
21984  4786
21985  4812
21988  5015
21989  5201
21990  5226
21992  5241
21993  5288
21995  5305
21996  5315
22016  5322
22021  5358
22023  5374
22026  5392
22027  5417
22028  5576
22029  5601
22049  5615
22054  5643
22055  5734
22056  5833
22063  5850
22066  5871
22067  6001
22069  6034
22088  6058
22090  6212
22092  6226
22093  6260
22094  6273
22095  6335
22096  6359
22099  6440
22101  6455
22102  6619
22105  6813
22108  6981
22127  7230
22131  7285
22138  7343
22139  7549
22140  7621
22141  7641
22144  7684
22147  7734
22168  7772
22169  7833
22170  7878
22172  7896
22176  7935
22177  8017
22178  8112
22179  8153
22181  8267
22183  8282
22184  8401
22185  8425
22188  8492
22205  8505
22213  8543
22244  8572
22245  8666
22248  8681
22251  8816
22252  8832
22254  8972
22261  9014
22262  9058
22269  9105
22283  9119
22284  9743
22285  10677
22286  10962
22287  11490
22288  12408
22289  12702
22290  13006
22291  13027
22293  13529
22294  13640
22295  15139
22297  15557
22298  15863
22299  16128
22300  16147
22301  16175
22302  16413
22303  17172
22304  17321
22305  17702
22307  17791
22308  17917
22322  17971
22323  18795
22324  19296
22325  19364
22326  19431
22327  20319
22328  20354
22329  20369
22330  20402
22334  20766
22336  20937
22337  21147
22339  21249
22340  21368
22341  21534
22342  21580
22343  21621
22344  21638
22346  21653
22361  21693
22363  22291
22364  22426
22365  23854
22366  23904
22367  23926
22368  24990
22369  25028
22370  25109
22371  25123
22374  25252
22375  25580
22378  25642
22379  25676
22380  26131
22383  27114
22385  27180
22386  27198
22408  27289
22410  27298
22413  27315
22418  27325
22420  27346
22424  27378
22439  27396
22443  27513
22444  27567
22445  27605
22447  27620
22450  27642
22453  27657
22454  27753
22456  28238
22457  28283
22458  28314
22459  28347
22478  28366
22480  28405
22498  28421
22517  28546
22518  29083
22519  29363
22520  29924
22521  30271
22523  30686
22525  31126
22526  31558
22527  31572
22528  31667
22529  31911
22530  32772
22531  33323
22532  33541
22533  33620
22534  33655
22535  34049
22536  34174
22537  34503
22538  34561
22539  34730
22540  34747
22541  34755
22542  34780
22556  34823
22557  34936
22558  35049
22559  35218
22560  35231
22563  35329
22564  35792
22566  35921
22567  36049
22568  36109
22569  36158
22571  36173
22572  36233
22574  36252
22575  36471
22576  36659
22578  36682
22595  36698
22597  36855
22599  36959
22602  37024
22603  37285
22605  37341
22606  37448
22607  37562
22608  37577
22609  37592
22612  37671
22613  37702
22614  37724
22617  38125
22620  38190
22635  38197
22636  38336
22637  38425
22638  38721
22639  38785
22640  38854
22644  39222
22645  39258
22646  39347
22647  39410
22649  39445
22651  39467
22652  39572
22653  39941
22655  40183
22657  40198
22658  40232
22659  40251
22673  40268
22675  40447
22676  40461
22677  40476
22681  40941
22685  41174
22686  41191
22687  41217
22690  41290
22692  41332
22712  41368
22713  41418
22716  41435
22731  41454
22751  41471
22755  41480
22756  41565
22762  41583
22765  41629
22769  41646
22770  41661
22790  41714
22791  41817
22792  41832
22793  41848
22794  41914
22800  41943
22801  41962
22802  42124
22803  42141
22804  42160
22807  42229
22808  42255
22809  42273
22810  42286
22814  42304
22829  42318
22830  42385
22831  42414
22833  42478
22836  42629
22837  42644
22843  42675
22844  42690
22848  42713
22849  42745
22854  42762
23375  42857
23376  42932
23377  43378
23378  44021
23379  44323
23380  44487
23381  44522
23382  44922
23383  45244
23384  45798
23385  45864
23386  46101
23387  48459
23388  48661
23389  50169
23390  50199
23392  50252
23393  55403
23394  56555
23395  57589
23396  58458
23397  58579
23398  58596
23399  58681
23400  59109
23531  59250
23532  60632
23533  60745
23534  61461
23535  61979
23536  62548
23537  62578
23538  62821
23539  63251
23540  63725
23541  63766
23542  63849
23543  66102
23544  66200
23545  68873
23547  68914
23548  68932
23549  73166
23550  73649
23551  74506
23552  74655
23553  74999
23554  75017
23555  75035
23556  75182
23648  75278
23656  75359
23662  75375
23668  75393
23687  75430
23688  75851
23689  76018
23690  76369
23691  76591
23692  77524
23693  77587
23694  77942
23696  78001
23697  78029
23698  78058
23699  78991
23700  79023
23701  79500
23702  79591
23704  79629
23705  80337
23706  80991
23708  81275
23710  81371
23712  81424
23730  81488
23740  81522
23804  81632
23808  83963
23812  84456
23818  84677
23824  85337
23828  85842
23921  85924
23922  86105
23923  86477
23924  86828
23925  87287
23926  88059
23927  88096
23928  88625
23929  89216
23930  89464
23931  89541
23932  89610
23933  90979
23934  91171
23935  92750
23936  93305
23937  93385
23938  93404
23939  95157
23940  96131
23941  96717
23942  98144
23943  98301
23944  98867
23945  98964
23946  99451
24038  99636
24040  104040
24042  104058
24046  106388
24052  109003
24058  112412
24062  114525
24063  114813
24116  114897
24155  114911
24156  114921
24157  115061
24158  116221
24159  116683
24160  117203
24161  117435
24162  117594
24163  117672
24164  117839
24165  117855
24166  117954
24167  118493
24168  118701
24169  119270
24170  119401
24172  119412
24173  122289
24174  123230
24175  123997
24178  124009
24179  124046
24180  124060
24311  124203
24312  124271
24315  124287
24316  124403
24317  124439
24319  124459
24321  124482
24322  124521
24324  124590
24328  124638
24329  124769
24331  124788
24333  124810
24336  124832
24897  124879
24898  125323
24899  125550
24900  125984
24901  126118
24902  126300
24903  126427
24904  126573
24905  126780
24907  126813
24908  129177
24909  130726
24910  132806
24911  132831
24912  134112
24913  134119
24914  139817
24915  142571
24916  143627
24917  143964
24918  144462
24919  144566
24920  144584
24921  144747
25017  144807
25052  144830
25053  144922
25054  144999
25055  145257
25056  145434
25057  145446
25058  145484
25061  145510
25063  145539
25064  146194
25065  146243
25067  146785
25069  146931
25070  147819
25071  147992
25073  148042
25077  148085
25169  148102
25173  151902
25177  154080
25180  155926
25181  156007
25183  156069
25186  156708
25187  158145
25189  158162
25193  158693
25208  158733
25209  159110
25210  159188
25211  159524
25212  159531
25213  159693
25214  159751
25215  159779
25219  159809
25220  159973
25221  160164
25222  160474
25223  160561
25225  160654
25226  160969
25227  161212
25228  161523
25229  161585
25233  161635
25325  161685
25329  163447
25333  164595
25339  165225
25345  165924
25349  166082
25378  166226
25442  166242
25443  166438
25444  166784
25445  167255
25446  167458
25447  167579
25448  167736
25449  168043
25450  168207
25451  168264
25452  168310
25453  168342
25454  171258
25455  172418
25456  174954
25457  175593
25459  176374
25460  179511
25461  180366
25462  180931
25463  182007
25464  182405
25465  182719
25466  182783
25467  182886
25559  183017
25563  184215
25567  185362
25572  186479
25573  186504
25579  188330
25583  188986
25598  189118
25676  189140
25677  189232
25678  189315
25679  189422
25680  189560
25681  189687
25682  189714
25683  189735
25684  189752
25687  189803
25688  190415
25689  190677
25690  190919
25691  190977
25693  191093
25694  191801
25695  192133
25697  192538
25700  192562
25701  192603
25762  192621
25778  192698
25832  192722
25833  192737
25838  192760
25844  192792
25845  192809
25847  192913
25849  193061
25851  193188
25854  193255
25871  193278
25875  193453
25895  193756
26417  193792
26418  193805
26419  193893
26420  194093
26421  194224
26422  194298
26423  194381
26424  194648
26425  194964
26426  195359
26427  195375
26428  195457
26429  196335
26430  197022
26431  198449
26432  198482
26433  198627
26434  198648
26435  199694
26436  200010
26437  200411
26438  200917
26439  201513
26440  201633
26441  201656
26442  201815
26456  201852
26573  201869
26574  202566
26575  203415
26576  204387
26577  204613
26578  204851
26579  205523
26580  206230
26581  206454
26582  206792
26583  207025
26584  207168
26585  210691
26586  212308
26587  213686
26588  213738
26589  214285
26590  214307
26591  215590
26592  216975
26593  217561
26594  217910
26595  218908
26596  219340
26597  219437
26598  219504
26690  219568
26694  219608
26698  219621
26701  219650
26704  219674
26729  219718
26730  220097
26731  220504
26732  221244
26733  221390
26734  222167
26735  222450
26737  222983
26738  223022
26739  223056
26740  223075
26741  223872
26742  224584
26743  225297
26744  225503
26746  225798
26747  226012
26748  226662
26750  226997
26752  227247
26754  227298
26768  227313
26776  227335
26788  227357
26860  227382
26866  227401
26893  227443
26963  227464
26964  227520
26965  228103
26966  228352
26967  228497
26968  228765
26969  228802
26970  228872
26971  229054
26973  229099
26974  229139
26975  229842
26976  230791
26977  232103
26978  232349
26980  232386
26981  233489
26982  233816
26983  233996
26984  234518
26985  234589
26986  234995
26987  235060
26988  235118
27080  235138
27084  235838
27088  236484
27094  236780
27100  237158
27104  237578
27105  237628
27133  237654
27197  237681
27198  237725
27199  238254
27200  238636
27201  238947
27202  239233
27203  239572
27204  239758
27205  239836
27207  239904
27208  240002
27209  240387
27210  240647
27211  241834
27212  241851
27213  242106
27214  242153
27215  243047
27216  243350
27218  243545
27219  243665
27220  243694
27222  243702
27250  243718
27275  243783
27279  243825
27283  243868
27289  243948
27299  244012
27353  244028
27354  244155
27355  244171
27357  244261
27359  244289
27363  244306
27364  244407
27365  244457
27366  244521
27371  244721
27399  244799
27400  244847
27940  244979
27941  245009
27944  245082
27948  245204
27949  245277
27950  245330
27951  245365
27955  245378
27956  245664
27957  246164
27958  246251
27959  246261
27977  246289
27978  246381
27981  246440
27985  246825
27988  246845
27990  246903
27991  246918
27994  246936
28001  246982
28016  246992
28018  247006
28020  247045
28023  247064
28026  247281
28030  247824
28033  248131
28035  248145
28036  248171
28055  248281
28056  248328
28058  248358
28059  248491
28061  248746
28063  248998
28066  249261
28067  249338
28068  249684
28069  249711
28070  249746
28071  249761
28072  249780
28073  249857
28075  249917
28077  249954
28079  250066
28080  250097
28100  250120
28105  250127
28133  250170
28138  250183
28141  250290
28150  250305
28152  250320
28172  250333
28173  250347
28176  250444
28178  250583
28180  250766
28183  250782
28185  250938
28186  250975
28196  251004
28219  251049
28222  251069
28223  251166
28228  251215
28251  251529
28252  251544
28253  252011
28254  252069
28255  252087
28256  252119
28258  252179
28260  252199
28261  252236
28262  252348
28263  252379
28267  252498
28268  252532
28269  253259
28275  253290
28309  253314
28328  253334
28329  253369
28330  253399
28331  253412
28332  253429
28335  253462
28336  253480
28338  253495
28339  253514
28340  253531
28342  253546
28346  253575
28367  253646
28368  253758
28369  253874
28370  253937
28371  254153
28372  254500
28373  254647
28375  254751
28376  255237
28377  255252
28378  255387
28379  256435
28380  256646
28381  256712
28382  256742
28384  256759
28385  256825
28386  257148
28388  257224
28389  257385
28390  257428
28391  257444
28392  257567
28406  257625
28407  257723
28408  257854
28409  257876
28410  257887
28411  258179
28412  258201
28414  258212
28417  258398
28418  258468
28420  258835
28421  258883
28423  258983
28424  259024
28426  259065
28445  259103
28446  259127
28447  259144
28448  259294
28449  259567
28450  259644
28451  259684
28452  260459
28453  260495
28455  260565
28456  260576
28457  260615
28458  260630
28459  260704
28461  260778
28462  260797
28463  260884
28464  261141
28466  261487
28467  261503
28469  261522
28470  261556
28489  261602
28491  261616
28495  261640
28525  261665
28527  261680
28530  261708
28531  261726
28534  261751
28537  261804
28538  261823
28541  262034
28542  262068
28582  262085
28601  262243
28602  262322
28603  262392
28604  262450
28605  262538
28607  262573
28608  262599
28609  262646
28611  263010
28612  263049
28613  263246
28614  263362
28615  263546
28616  263559
28618  263594
28619  263689
28620  263737
28622  263811
28623  263853
28624  263897
28625  263920
28640  263956
28641  263987
28642  264027
28647  264567
28650  264659
28651  264796
28652  264851
28655  264902
28656  265335
28658  265414
28659  265654
28662  266218
28681  266241
28683  266287
28686  266320
28687  266687
28690  266706
28693  266723
28696  266752
28697  266774
28698  266788
28704  266889
28718  266958
28719  266972
28720  267011
28721  267070
28724  267164
28729  267226
28731  267270
28733  267287
28735  267312
28736  267483
28737  267577
28757  267620
28761  267871
28765  268550
28766  268697
28768  268712
28771  268727
28774  268771
28796  268802
28797  268852
28800  268871
28804  268924
28810  268970
28815  269002
28820  269018
28837  269028
28839  269060
28843  269102
28846  269116
28848  269161
28849  269177
28850  269227
28854  269254
28855  269282
28858  269296
28877  269312
28878  269337
28885  269394
28886  269409
28887  269424
28891  269439
28892  269476
28893  269493
28917  269508
28927  269556
28930  269569
28938  269582
29459  269609
29460  269628
29461  269969
29462  270145
29463  270293
29465  270330
29466  270521
29467  270733
29468  271275
29470  271333
29471  272134
29472  272238
29473  272656
29476  272663
29477  274137
29478  274413
29479  274522
29480  275215
29481  275434
29482  275513
29483  275529
29484  275682
29615  275790
29616  276052
29617  276082
29618  276165
29619  276612
29620  276770
29621  276786
29622  276829
29623  277015
29624  277386
29625  277403
29626  277420
29627  278548
29628  278631
29629  279317
29632  279376
29633  281028
29634  281286
29635  281576
29636  281712
29637  281761
29639  281777
29771  281796
29772  281896
29773  281914
29774  282196
29775  282358
29776  282731
29777  282787
29780  283123
29781  283177
29782  283202
29783  283972
29784  283991
29785  285378
29786  285721
29788  285749
29789  286041
29790  286562
29791  287039
29792  287062
29794  287101
29796  287119
29814  287135
29824  287169
29888  287185
29892  287938
29896  288820
29902  289038
29908  289781
29912  289993
30005  290042
30006  290055
30007  290078
30008  290127
30009  290161
30011  290239
30012  290489
30013  290501
30014  290551
30016  290568
30017  291084
30018  291133
30019  291474
30020  291595
30022  291621
30023  293115
30024  293325
30025  293425
30027  293713
30028  293794
30029  293958
30122  293995
30126  296614
30130  298739
30136  300286
30142  300864
30146  301116
30169  301263
30207  301271
30241  301295
30242  301343
30243  301427
30245  301551
30246  301655
30248  301723
30249  302011
30250  302191
30251  302811
30252  302856
30253  303123
30255  303151
30256  303183
30257  303800
30258  303980
30264  304063
30399  304099
30400  304106
30405  304143
30409  304155
30980  304208
30981  304244
30982  304749
30983  304810
30984  305046
30985  305171
30986  305267
30987  305490
30988  305561
30989  305888
30991  305925
30992  307868
30993  308371
30994  309090
30995  309107
30997  309154
30998  311798
30999  312405
31000  312838
31001  313549
31002  313677
31003  313797
31004  313821
31005  314067
31097  314212
31136  314231
31137  314361
31138  314512
31139  314552
31140  314652
31141  314816
31142  314891
31143  314930
31144  315169
31145  315597
31146  315621
31147  315636
31148  316098
31149  316335
31150  317484
31151  317982
31153  318034
31154  319885
31155  320143
31156  320384
31157  320413
31158  320449
31160  320465
31179  320499
31253  320520
31257  320632
31261  320724
31267  320757
31270  320887
31273  320902
31292  320938
31293  321872
31294  322194
31295  322205
31296  322330
31297  322768
31298  322865
31302  323019
31303  323035
31304  324844
31305  324908
31306  325428
31307  325799
31309  325859
31310  326324
31311  326503
31312  326736
31313  326955
31317  327025
31335  327060
31409  327091
31413  328307
31417  328903
31423  329138
31429  329622
31433  329750
31487  329832
31526  329886
31527  329962
31528  330151
31529  330253
31530  330874
31531  331538
31532  331652
31533  331786
31534  331858
31536  331919
31537  331935
31538  333745
31539  333928
31540  334438
31541  335603
31543  335619
31544  336642
31545  337024
31546  337530
31547  337912
31548  338058
31550  338190
31551  338273
31643  338298
31647  341242
31651  343684
31657  345453
31663  346986
31667  347942
31668  347997
31684  348160
31686  348183
31725  348199
31760  348215
31761  349009
31762  349125
31763  349248
31764  349371
31765  349785
31766  349827
31767  350064
31768  350075
31769  351084
31771  351106
31772  351580
31773  351770
31775  352233
31777  352282
31778  352642
31779  353033
31784  353597
31785  353726
31799  353903
31838  353929
31842  353968
31846  354050
31852  354128
31862  354144
31922  354181
31924  354197
31927  354204
31929  354246
31930  354262
31933  354298
31935  354333
31936  354349
32501  354370
32502  354579
32503  355003
32504  355410
32505  355791
32506  355997
32507  356229
32508  357108
32509  357170
32510  357778
32511  357859
32512  357992
32513  359745
32514  361303
32515  363639
32516  363646
32517  363793
32518  363811
32519  368174
32520  369202
32521  369721
32522  370531
32523  371060
32524  371356
32525  371374
32526  372002
32583  372276
32657  372298
32658  373187
32659  373428
32660  373765
32661  374174
32662  374390
32663  374713
32664  375015
32665  375086
32666  377078
32667  377104
32668  377144
32669  378724
32670  379456
32671  381435
32672  381449
32674  381626
32675  383963
32676  384398
32677  384650
32678  384860
32679  384926
32680  385089
32681  385118
32682  385353
32813  385376
32814  385449
32815  385688
32816  385956
32817  386029
32819  386239
32824  386807
32825  388481
32826  388667
32827  389673
32828  389688
32830  389963
32831  390558
32832  390801
32834  391112
32836  391130
32838  391193
32856  391209
32866  391243
32930  391260
32983  391359
33008  391373
33047  391385
33048  391531
33049  391796
33050  392289
33051  392630
33052  393244
33053  393805
33054  394179
33055  394407
33056  394499
33057  394523
33058  394622
33059  397923
33060  398318
33061  398802
33062  399194
33064  399572
33065  400819
33066  401364
33067  401578
33068  402354
33069  402666
33070  403202
33071  403268
33164  403401
33167  403436
33168  403459
33172  403486
33177  403534
33178  403553
33184  403597
33211  403646
33223  403697
33281  403712
33282  403814
33283  404094
33284  404273
33285  404609
33286  404957
33287  405255
33288  405715
33289  405740
33291  405877
33292  405895
33293  406482
33294  406984
33295  407625
33296  407640
33298  407693
33299  408064
33300  408507
33302  408932
33303  408948
33304  408959
33305  409051
33359  409114
33437  409153
33438  409301
33439  409315
33440  409341
33441  409455
33443  409484
33447  409503
33448  409517
33449  409573
33450  409657
33451  409738
33452  409772
33454  409824
33455  409835
33457  409908
34024  409960
34027  410128
34028  410153
34030  410169
34032  410183
34034  410207
34035  410221
34040  410537
34043  410555
34061  410588
34062  410655
34065  410677
34069  410734
34073  410748
34078  410779
34079  410800
34081  410815
34100  410844
34104  410888
34107  410969
34110  411032
34139  411044
34142  411109
34143  411127
34150  411209
34153  411230
34156  411289
34159  411320
34195  411337
34203  411371
34225  411389
34256  411404
34260  411429
34267  411463
34269  411530
34270  411668
34295  411709
34298  411724
34306  411734
34308  411771
34312  411785
34334  411807
34337  411822
34338  411835
34373  411844
34412  411874
34416  411889
34420  411980
34423  411993
34425  412006
34451  412021
34452  412076
34455  412090
34457  412160
34458  412192
34459  412207
34460  412278
34461  412293
34462  412306
34465  412387
34469  412439
34472  412475
34475  412488
34490  412507
34491  412605
34492  412683
34494  412701
34497  412739
34498  412770
34501  412783
34502  412809
34503  412871
34504  412886
34505  412950
34507  413061
34510  413089
34529  413103
34530  413191
34531  413230
34532  413325
34533  413738
34534  413778
34535  413927
34536  414613
34537  414630
34539  414742
34540  414779
34541  414794
34542  414881
34543  414987
34547  415051
34548  415311
34549  416073
34550  416088
34551  416247
34553  416264
34554  416273
34571  416297
34579  416317
34580  416370
34581  416392
34585  416421
34586  416441
34587  416482
34589  416495
34590  416537
34607  416580
34609  416600
34621  416614
34622  416628
34625  416653
34626  416680
34647  416695
34685  416710
34686  416880
34689  416894
34693  417041
34695  417190
34696  417210
34697  417228
34699  417241
34706  417302
34707  417368
34724  417406
34725  417666
34726  417694
34728  417728
34730  417915
34731  417960
34732  418268
34734  418300
34735  418315
34736  418443
34737  418460
34738  418475
34739  418592
34741  418607
34742  418665
34743  418730
34744  418791
34763  418809
34767  418964
34773  418998
34777  419013
34782  419056
34788  419072
34813  419112
34841  419139
34845  419324
34849  419472
34855  419500
34880  419538
34884  419686
34888  419716
34894  419737
34927  419747
34962  419765
34997  419778
35001  419849
35011  419881
35013  419895
35017  419919
35018  419937
35022  419961
35544  420013
35545  420154
35546  421109
35547  421144
35548  421225
35549  421333
35550  421515
35551  421573
35553  421643
35554  421864
35555  421908
35556  422190
35558  423592
35559  423635
35560  423737
35561  424289
35563  424637
35564  424709
35565  424794
35567  424862
35568  425027
35699  425066
35700  425348
35701  425355
35702  425366
35703  425394
35704  425401
35706  425723
35709  425758
35710  425788
35711  425886
35712  425969
35713  426428
35714  426440
35716  426508
35717  427124
35718  427467
35719  427561
35721  427581
35722  427653
35723  427661
35724  427688
35742  427771
35816  427783
35824  427789
35855  427815
35857  427886
35859  427901
35860  427908
35861  427915
35862  427934
35866  427950
35867  428035
35868  428152
35870  428283
35872  428300
35874  428373
35876  428390
36089  428419
36090  428546
36091  428655
36092  428817
36093  428865
36094  428979
36096  429032
36097  429511
36098  429561
36099  429581
36100  429663
36102  429881
36103  430134
36104  430192
36106  430240
36107  430496
36109  430985
36110  431134
36111  431269
36113  431323
36114  431429
36323  431472
36324  431530
36325  431551
36326  431568
36327  431762
36329  431894
36330  431906
36332  431971
36333  431986
36334  432014
36335  432330
36336  432355
36338  432782
36340  432810
36341  433188
36342  433453
36343  433489
36344  433503
36487  433515
36492  433536
37064  433556
37065  433579
37066  433745
37067  433972
37068  434119
37069  434226
37070  434305
37071  434490
37072  434607
37073  434829
37074  434861
37075  434976
37076  436061
37077  436765
37078  437602
37079  437651
37081  438091
37082  439748
37083  440764
37084  441468
37085  441789
37086  441881
37088  442132
37089  442327
37220  442676
37222  443150
37223  443178
37224  443265
37225  443841
37226  443878
37227  443932
37228  444023
37230  444540
37231  444554
37232  445394
37233  445868
37234  447058
37235  447130
37237  447278
37238  448276
37239  448722
37240  449254
37241  449268
37242  449401
37244  449448
37245  449575
37298  449594
37312  449618
37337  449637
37341  449882
37349  449905
37351  449918
37354  450004
37357  450028
37376  450068
37377  450108
37378  450273
37379  450318
37380  450478
37381  451191
37382  451217
37383  451324
37384  451335
37385  451356
37386  451380
37387  451496
37388  452423
37389  453099
37390  454749
37391  454764
37393  454897
37394  456012
37395  456481
37397  457068
37398  457111
37400  457160
37401  457205
37415  457239
37419  457254
37429  457307
37493  457322
37497  457829
37501  458792
37507  459606
37513  460175
37517  460559
37532  460591
37536  460608
37540  460624
37571  460661
37575  460929
37579  461187
37585  461698
37591  462136
37611  462304
37612  462591
37613  462979
37614  463069
37615  463653
37616  463745
37617  463855
37618  464249
37619  464328
37620  464362
37621  464572
37622  465388
37623  465780
37624  466476
37625  466830
37627  467401
37628  468295
37629  469408
37630  469773
37631  469891
37632  470294
37634  470555
37635  470587
37727  471009
37731  472378
37735  473651
37741  474486
37747  475291
37751  475999
37752  476098
37774  476198
37844  476222
37845  476250
37846  476679
37847  477001
37848  477098
37849  477401
37850  477430
37851  477486
37852  477682
37853  477730
37854  477787
37855  477894
37856  478341
37857  478489
37858  478986
37859  479022
37861  479161
37862  479837
37863  480057
37866  480194
37868  480292
37869  480334
37883  480489
37887  480563
37891  480597
37922  480648
37926  480795
37930  480813
37936  480941
38003  480993
38004  481000
38006  481022
38008  481038
38010  481045
38011  481061
38013  481130
38014  481188
38017  481288
38018  481313
38019  481352
38020  481380
38025  481401
