1940
12690
1009  42711
1013  47837
1126  171988
1130  173335
1153  197853
1192  220585
1237  248097
1282  357786
1286  365079
1301  367040
1351  403897
1357  406489
1364  408128
1393  427139
1399  429952
1438  464049
1477  465976
1504  469588
1516  471783
1539  475842
38585  0
38586  80
38587  864
38588  1754
38589  2034
38590  2077
38591  2808
38592  3271
38593  3437
38594  3763
38595  3817
38596  4003
38597  4255
38598  5986
38599  9186
38600  9214
38602  9827
38603  11040
38604  11845
38605  12659
38606  14084
38607  14715
38608  15107
38609  15160
38610  15306
38703  15632
38741  15661
38742  16460
38743  16893
38744  17357
38745  17723
38746  18061
38747  18510
38748  18891
38749  19222
38750  20679
38751  20710
38752  20772
38753  20860
38754  21594
38755  22536
38756  23156
38757  23435
38758  23457
38759  23630
38760  24291
38761  24726
38762  24980
38763  26063
38764  26533
38765  26597
38766  26751
38858  26769
38862  26783
38872  26801
38897  26826
38898  26955
38899  27297
38900  27850
38901  27989
38902  28660
38903  28814
38906  29109
38907  29132
38908  29208
38909  29787
38910  30010
38911  32095
38912  32238
38913  32920
38914  32956
38915  32986
38916  33536
38917  34401
38918  34445
38922  34768
38956  34896
39014  34920
39018  34986
39028  35047
39131  35143
39132  35226
39133  35451
39134  36114
39135  36302
39136  36663
39137  36892
39138  37107
39139  37295
39141  37415
39142  37476
39143  37578
39144  37814
39145  38919
39146  39128
39147  39366
39148  39384
39149  40403
39150  40658
39151  40880
39152  41615
39153  42127
39155  42453
39156  42550
39183  42698
39365  42718
39366  42792
39367  43209
39368  44104
39369  44536
39370  44908
39371  45026
39372  45129
39373  45204
39374  45306
39375  45323
39376  45676
39377  45715
39378  45923
39379  46421
39380  46480
39381  46725
39382  46756
39383  46903
39384  47235
39385  47563
39386  47573
39387  47602
39388  47621
39389  47693
39390  47712
39451  47816
39490  47828
39521  47844
39522  47859
39523  47917
39524  47967
39525  48090
39526  48139
39531  48156
39532  48223
39533  48248
39534  48264
39535  48543
39538  48632
39539  48659
39540  48770
39541  48843
39542  48866
40106  48884
40107  48996
40108  49223
40109  52108
40110  53057
40111  53240
40112  53339
40113  54520
40114  55283
40115  55956
40116  56234
40117  56595
40118  58870
40119  59046
40120  62470
40121  62511
40122  62616
40123  62720
40124  70984
40125  72915
40126  75451
40127  76241
40128  76320
40129  76386
40130  76783
40131  77479
40145  78232
40149  78249
40184  78265
40185  79020
40186  79364
40187  84472
40188  85225
40189  86140
40190  86650
40191  88916
40192  89082
40193  89526
40194  89577
40195  91017
40196  91719
40197  92875
40198  93856
40199  93893
40200  94279
40201  94681
40202  94844
40203  95053
40205  95228
40206  95342
40209  95631
40262  95650
40263  96005
40264  96021
40265  96250
40266  97083
40267  97355
40268  97401
40269  97593
40270  98065
40271  98759
40272  98796
40273  98813
40274  100597
40275  100720
40276  102195
40278  102222
40279  102239
40280  104159
40281  105190
40282  106007
40283  106080
40284  106101
40285  106134
40286  106236
40287  106440
40321  106565
40393  106584
40418  106598
40420  106669
40421  108341
40422  108900
40423  109187
40424  109221
40425  109476
40427  109638
40428  109659
40429  110213
40430  112122
40431  112192
40432  114103
40435  114182
40436  114789
40437  115486
40438  116403
40441  116420
40442  116476
40443  116705
40503  116859
40535  116883
40539  116901
40549  116918
40588  116936
40627  116960
40652  116979
40653  117094
40654  117233
40655  117445
40656  117869
40657  118171
40658  118303
40659  118491
40660  118819
40661  118935
40662  118985
40663  119061
40664  120022
40665  120156
40666  123609
40667  124122
40668  124136
40669  124155
40670  127022
40671  127927
40672  128465
40673  128956
40674  128976
40675  129119
40676  129164
40677  129311
40695  129527
40769  129541
40783  129582
40789  129713
40887  129725
40888  129746
40889  129948
40890  130023
40891  130221
40892  130266
40893  130404
40894  130562
40895  130660
40896  130772
40897  130881
40898  131927
40899  132103
40900  132846
40903  132865
40904  133945
40905  134822
40911  134994
41042  135082
41046  135097
41049  135158
41052  135199
41053  135223
41055  135273
41056  135322
41059  135360
41060  135556
41062  135634
41627  135648
41628  135666
41629  135824
41630  136072
41631  136326
41632  136397
41633  136496
41634  136734
41635  136794
41636  136997
41637  137103
41638  137395
41639  137552
41640  137634
41641  138029
41642  138061
41643  138383
41644  138415
41645  139042
41646  139401
41647  139935
41648  140108
41649  140394
41651  140434
41652  140464
41783  140572
41784  140905
41785  141002
41786  141124
41787  141385
41788  141635
41789  141646
41790  141806
41791  141880
41792  142359
41793  142366
41794  142402
41795  142713
41796  142903
41797  142954
41798  143038
41800  143224
41801  143365
41802  143683
41803  144066
41804  144891
41805  145168
41806  146206
41807  146251
41808  146356
41861  146363
41865  146374
41868  146391
41875  146402
41881  146409
41939  146426
41940  146464
41941  146537
41942  147914
41943  147975
41944  148773
41945  148791
41946  148962
41949  149025
41950  149227
41951  149358
41952  149470
41953  149621
41954  149643
41955  149744
41956  149762
41957  149825
41958  150318
41960  150535
41962  150599
41964  150653
42173  150723
42174  150790
42175  151045
42176  151103
42177  151137
42178  151211
42179  151312
42180  151447
42181  151472
42183  151501
42184  151542
42185  151897
42186  151951
42187  152008
42190  152062
42191  154187
42192  154301
42193  154558
42194  154620
42195  155261
42196  155512
42197  155569
42407  155620
42408  155638
42409  155674
42410  155786
42411  155829
42412  155865
42413  155896
42414  155929
42416  155956
42417  155976
42418  155992
42419  156066
42420  156156
42421  156464
42422  156493
42424  156511
42425  156617
42426  156715
42428  156857
42430  156875
42431  156892
42432  156904
42453  156945
42463  156968
42563  156988
42564  157003
42565  157034
42566  157080
42567  157128
42569  157199
42570  157246
42574  157278
42575  157356
42576  157385
42579  157402
42581  157421
42586  157454
43151  157462
43155  157475
43158  157491
43161  157697
43166  157717
43167  157724
43171  157795
43187  157815
43191  157940
43195  158456
43198  158489
43201  158562
43204  158607
43205  158841
43207  158873
43211  158903
43226  158919
43228  159074
43233  159141
43236  159245
43237  159303
43240  159319
43245  159390
43265  159469
43268  159529
43269  159555
43271  159818
43273  159834
43276  159879
43278  159909
43279  159925
43282  160118
43285  160142
43287  160156
43289  160175
43311  160199
43312  160297
43315  160314
43321  160402
43322  160439
43323  160628
43324  160684
43343  160700
43347  160739
43348  160761
43351  160905
43354  160927
43362  160969
43382  161005
43383  161061
43385  161091
43388  161106
43390  161112
43393  161168
43395  161312
43396  161337
43399  161375
43402  161422
43421  161455
43422  161630
43425  161668
43429  161717
43431  161741
43432  161764
43433  161955
43434  162021
43438  162056
43464  162072
43478  162090
43499  162109
43503  162135
43507  162153
43538  162181
43542  162328
43546  162478
43552  162560
43553  162628
43555  162642
43556  162657
43558  162698
43577  162838
43578  163048
43579  163091
43580  163122
43581  163308
43583  163637
43585  163667
43587  164196
43588  164227
43589  164369
43590  164456
43591  164472
43595  164550
43596  164707
43597  164786
43598  164802
43616  164861
43619  165012
43620  165029
43627  165092
43628  165107
43629  165121
43630  165198
43633  165264
43655  165279
43657  165365
43658  165401
43659  165497
43661  165623
43663  165648
43665  165669
43666  165686
43668  165702
43669  165740
43673  165882
43674  165939
43705  165983
43707  166015
43713  166028
43733  166049
43735  166109
43736  166124
43737  166154
43738  166214
43740  166229
43741  166279
43744  166324
43748  166365
43750  166572
43751  166622
43752  166653
43792  166723
43811  166778
43812  167042
43813  167104
43814  167134
43815  167237
43816  167565
43817  167600
43819  167649
43821  167871
43822  167926
43823  168131
43824  168278
43825  168416
43826  168561
43828  168626
43829  168744
43830  168907
43831  169209
43832  169222
43833  169287
43835  169353
43836  169362
43850  169422
43851  169507
43852  169652
43854  169727
43856  169770
43857  169787
43858  169994
43860  170052
43861  170068
43862  170134
43864  170295
43865  170339
43867  170359
43868  170385
43869  170445
43870  171287
43872  171338
43889  171398
43893  171443
43896  171506
43901  171576
43903  171591
43906  171607
43907  171628
43908  171664
43911  171972
43929  171994
43931  172009
43932  172033
43936  172091
43941  172126
43945  172145
43946  172179
43947  172196
43953  172310
43967  172324
43971  172340
43975  172845
43985  172909
44006  172934
44008  172950
44010  172974
44019  173064
44020  173096
44024  173115
44030  173132
44046  173150
44048  173185
44049  173202
44056  173225
44057  173241
44058  173257
44059  173290
44064  173309
44069  173325
44084  173341
44088  173358
44095  173385
44098  173400
44123  173417
44124  173522
44127  173553
44129  173569
44131  173583
44135  173630
44137  173661
44143  173713
44148  173731
44669  173745
44670  173806
44671  173844
44672  174350
44673  174648
44674  174699
44675  174727
44676  175053
44677  175082
44678  175246
44679  175261
44680  175419
44681  176661
44682  176848
44683  178105
44684  178297
44685  178868
44686  178927
44687  181319
44688  182558
44689  183566
44690  184014
44691  184417
44692  184696
44693  184775
44694  184964
44825  185002
44826  185469
44827  185506
44828  185820
44829  186158
44830  186385
44831  186418
44832  186543
44833  186571
44835  186732
44836  186823
44837  187720
44838  187865
44839  189585
44840  189606
44841  189937
44842  189983
44843  192609
44844  192949
44845  195255
44846  195287
44847  195380
44849  195444
44850  195515
44864  195610
44868  195714
44872  195917
44875  196025
44878  196154
44884  196202
44942  196238
44946  196448
44950  196620
44953  197587
44955  197639
44956  197652
44959  197710
44962  197732
44966  197788
44981  197860
44983  198105
44984  199195
44985  199240
44986  200169
44987  200185
44988  200369
44991  200385
44992  200442
44993  200935
44994  201010
44995  202029
44996  202178
44997  202335
44998  202353
44999  202626
45000  202980
45002  203526
45004  203563
45006  203595
45098  203843
45102  204726
45106  205124
45112  205286
45118  205601
45122  205810
45215  205880
45216  205920
45217  205964
45218  206147
45219  206440
45220  206564
45221  206648
45222  206743
45223  206875
45225  207051
45226  207140
45227  208694
45228  209176
45229  209599
45230  209728
45231  210201
45232  210220
45233  210947
45234  211432
45235  211895
45236  212274
45237  212317
45239  212489
45240  212600
45332  212737
45334  213057
45336  213073
45340  214513
45346  215821
45352  217163
45356  217686
45357  217734
45371  217848
45375  217878
45410  217896
45424  217923
45449  217969
45450  217984
45451  218062
45452  218253
45453  218319
45454  218388
45455  218448
45456  218582
45457  218593
45458  218605
45460  218622
45461  219035
45462  219091
45463  219172
45464  219195
45466  219210
45467  219716
45468  219879
45469  220062
45474  220080
45605  220135
45606  220150
45609  220167
45611  220189
45615  220214
45616  220235
45617  220334
45618  220345
45620  220370
45622  220386
45623  220473
45624  220490
45628  220523
46203  220539
46209  220556
46212  220571
46502  220592
46504  220635
46515  220652
46658  220726
46748  220743
46970  220750
46973  221412
46974  221430
46978  222018
46984  223061
46987  223074
47711  223118
47712  223176
47713  223647
47714  224073
47715  224984
47716  225062
47717  225422
47718  225727
47719  225891
47720  226406
47721  226521
47722  226690
47723  226817
47724  227630
47725  228441
47726  228462
47727  228938
47728  228955
47729  229003
47730  229506
47731  230179
47732  230526
47733  230758
47734  230976
47735  230994
47736  231568
47867  231654
47868  232252
47869  232522
47870  232774
47871  233685
47872  233937
47873  234049
47874  234434
47875  234703
47877  236867
47878  236883
47879  237061
47880  237502
47882  238619
47883  238861
47885  238877
47886  239308
47887  239558
47888  239740
47889  240081
47890  240128
47891  240318
47892  240595
47984  240724
47988  240751
47992  240927
47998  241052
48004  241342
48008  241386
48023  241426
48024  241494
48025  241658
48026  243125
48027  243527
48028  244340
48029  244462
48030  244891
48032  244912
48033  244926
48034  245021
48035  245119
48036  245211
48037  246097
48038  246224
48041  246500
48042  246932
48044  247451
48046  247897
48047  247905
48048  247938
48257  248104
48258  248265
48259  249340
48260  250170
48261  251116
48262  251692
48263  251745
48264  252175
48265  252697
48266  252715
48267  252757
48268  252823
48269  253363
48270  254173
48271  254563
48272  254771
48273  254818
48274  254851
48275  254968
48276  258114
48277  259093
48278  259813
48279  259905
48280  260258
48281  260395
48282  260641
48491  260932
48492  260996
48493  261521
48494  261726
48495  262275
48496  262603
48497  262915
48498  263108
48499  263259
48500  263301
48501  263320
48502  263365
48503  263480
48504  263899
48505  264258
48506  264317
48508  264541
48509  264584
48510  265191
48511  265583
48512  265595
48513  265642
48514  265653
48515  265678
48516  265707
48569  265770
48647  265856
48648  265916
48649  266113
48650  266177
48651  266274
48653  266315
48657  266332
48658  266401
48659  266498
48660  266526
48661  266605
48664  266656
48665  266671
48666  266730
48667  266761
48672  266801
48686  266820
48690  266837
49232  266856
49233  267002
49234  267515
49235  267833
49236  268132
49237  268256
49238  268515
49239  268704
49240  268871
49241  269116
49242  269147
49243  269479
49244  271765
49245  272785
49246  275370
49247  275411
49249  275682
49250  277067
49251  277357
49252  277677
49253  278355
49254  278969
49255  279213
49256  279330
49257  279483
49271  279501
49310  279518
49314  280734
49317  280766
49318  293455
49321  293965
49324  293989
49327  294591
49330  294981
49334  295092
49335  295114
49388  295139
49389  296150
49390  296410
49391  296727
49392  297064
49393  297709
49394  297749
49395  298122
49396  298180
49397  299062
49398  299074
49399  299146
49400  300207
49401  300681
49402  301352
49403  301375
49404  301585
49405  301657
49406  302702
49407  302888
49408  303156
49409  303190
49410  303536
49411  303587
49412  303649
49431  303837
49432  303894
49441  303907
49447  303924
49466  303943
49483  303966
49505  303992
49507  306737
49509  306812
49513  309468
49516  311389
49519  311425
49522  312695
49524  313178
49525  313193
49529  314067
49544  314123
49545  314194
49546  314379
49547  314636
49548  315081
49549  316104
49550  316178
49551  316653
49554  316675
49555  316787
49556  318017
49557  319091
49558  319970
49559  319990
49561  320119
49562  320540
49563  320894
49564  321210
49565  321237
49566  321377
49569  321392
49597  321446
49622  321578
49626  321820
49630  322161
49633  322508
49636  322540
49639  322908
49642  322985
49646  323038
49661  323150
49665  323786
49669  324037
49675  324381
49681  324963
49685  325121
49700  325150
49704  325463
49708  325733
49714  326272
49717  326599
49719  326618
49720  326644
49724  326697
49739  326802
49743  326936
49747  327313
49753  327459
49759  327652
49763  327696
49778  327748
49779  327785
49780  328176
49781  328445
49782  328754
49783  328806
49784  329018
49785  329050
49786  329133
49787  329222
49788  329250
49789  329435
49790  330663
49791  331050
49792  331695
49793  331801
49794  331964
49795  331982
49796  332476
49797  332661
49798  332808
49799  333541
49800  333678
49801  333890
49802  333898
49803  333940
49817  333972
49821  335264
49824  336290
49825  336303
49828  337480
49831  337555
49834  338014
49837  338835
49841  338998
49876  339042
49895  339205
49899  339238
49903  339268
49909  339364
49934  339417
49973  339440
49977  344210
49980  349203
49981  349224
49987  350713
49990  353298
49993  356349
49997  357720
50012  357793
50013  357850
50014  358022
50015  358227
50016  358524
50017  358563
50018  358613
50019  358751
50020  358836
50022  358892
50023  359009
50024  359511
50025  360057
50027  360737
50029  360964
50030  361301
50031  361644
50032  361979
50033  361993
50036  362007
50037  362024
50055  362134
50059  362302
50065  362339
50090  362361
50094  363446
50098  364183
50104  364887
50114  365043
50169  365086
50170  365175
50171  365193
50172  365224
50173  365251
50178  365268
50179  365299
50180  365547
50181  365784
50183  366029
50185  366111
50186  366173
50187  366298
50189  366315
50207  366360
50209  366514
50211  366677
50215  366757
50221  366779
50227  366846
50229  366901
50231  366915
50753  367046
50754  367059
50755  367302
50756  367416
50757  367559
50758  367605
50759  367709
50760  367894
50761  367947
50762  368194
50763  368247
50764  368752
50765  369372
50766  369916
50767  370682
50768  370753
50770  370950
50771  371724
50772  371987
50773  372300
50774  372540
50775  372804
50776  372859
50777  372876
50800  372936
50831  372961
50838  372982
50909  373027
50910  373357
50911  373502
50912  373707
50913  373861
50914  374063
50915  374113
50916  374235
50917  374406
50918  374615
50919  374691
50920  374723
50921  375381
50922  375606
50923  376151
50924  376184
50926  376260
50927  377222
50928  377661
50929  377988
50930  378067
50931  378155
50932  378227
50934  378454
51026  378489
51030  379098
51034  379968
51040  380592
51043  381927
51046  382172
51048  382554
51050  382586
51065  382662
51066  382760
51067  382990
51068  383097
51069  383195
51070  383495
51071  383553
51074  383695
51076  383739
51077  384092
51078  384604
51080  385076
51082  385327
51083  385454
51084  385622
51086  385904
51104  385923
51143  385951
51299  385973
51300  386011
51301  386246
51302  386322
51303  386436
51304  386497
51305  386540
51307  386562
51309  386584
51310  386785
51311  387220
51312  388207
51313  388600
51314  388880
51315  389094
51316  389120
51317  390287
51318  390610
51319  390780
51320  391247
51321  391287
51323  391601
51324  391737
51416  391783
51417  393866
51420  393889
51424  395299
51429  396570
51430  396585
51436  397661
51440  398551
51441  398668
51455  398739
51457  398789
51459  398906
51463  398935
51469  398970
51475  398998
51534  399129
51535  399192
51536  399405
51537  399458
51538  399482
51539  399546
51541  399592
51543  399627
51544  399646
51545  399877
51546  400088
51547  400346
51548  400390
51550  400490
51551  401479
51552  401613
51556  401786
51557  401822
51558  401835
51576  401879
51590  401903
51611  401920
51615  402026
51619  402116
51625  402307
51635  402394
51690  402446
51691  402486
51692  402509
51693  402529
51695  402536
51700  402581
51701  402653
51702  402711
51703  402766
51706  402776
51707  402873
51709  402928
52291  402941
52314  402974
52317  402988
52354  403003
52359  403033
52363  403052
52391  403067
52394  403117
52395  403131
52405  403179
52412  403204
52415  403241
52431  403252
52432  403291
52433  403324
52437  403337
52440  403375
52441  403392
52442  403435
52443  403455
52474  403469
52508  403490
52522  403564
52525  403608
52550  403625
52551  403635
52558  403645
52564  403765
52664  403808
52676  403825
52681  403840
52703  403903
52704  403970
52705  404007
52707  404019
52708  404036
52709  404059
52711  404074
52714  404183
52715  404329
52720  404383
52721  404451
52722  404515
52723  404571
52724  404592
52727  404622
52742  404644
52743  404682
52746  404806
52747  404827
52749  404846
52753  404866
52754  404912
52757  404931
52760  404997
52781  405034
52782  405062
52783  405079
52784  405101
52787  405252
52789  405325
52791  405757
52792  405778
52793  405795
52795  405810
52798  405853
52799  405909
52800  405960
52801  406074
52802  406089
52803  406115
52806  406131
52861  406153
52862  406174
52866  406250
52870  406280
52874  406305
52877  406331
52878  406375
52881  406472
52937  406495
52938  406528
52940  406808
52941  406853
52942  406934
52943  406949
52945  406977
52949  407139
52950  407154
52951  407170
52953  407197
52954  407273
52955  407308
52956  407482
52957  407497
52959  407524
52961  407539
52976  407549
52977  407602
52980  407631
52984  407720
52993  407755
52994  407783
52995  407801
53015  407841
53019  407865
53021  407898
53022  407915
53023  407926
53025  407972
53026  407986
53029  408001
53033  408028
53034  408063
53040  408083
53093  408111
53136  408121
53214  408137
53250  408190
53253  408250
53257  408269
53274  408279
53795  408308
53797  408351
53798  408557
53799  408673
53802  408687
53803  408737
53804  408788
53806  408814
53807  410449
53808  410465
53811  416506
53812  416526
53813  417251
53814  417735
53815  417777
53816  417892
53817  417923
53818  417940
53819  417963
53820  417978
53951  418002
53952  418106
53953  418120
53954  418251
53955  418311
53957  418388
53959  418451
53962  418566
53963  419103
53964  419124
53968  420001
53969  421749
53970  421981
53971  422090
53972  422104
53975  422169
53976  422188
54107  422207
54108  422414
54109  422432
54110  422872
54111  423083
54113  423430
54117  423790
54118  423797
54119  424671
54120  424678
54121  425153
54122  425304
54124  425343
54125  425700
54126  425962
54128  426424
54131  426759
54132  426778
54224  426860
54226  427054
54232  427070
54238  427084
54306  427096
54342  427146
54343  427162
54344  427185
54345  427246
54347  427372
54348  427617
54349  427628
54350  427753
54351  427768
54352  427782
54354  428586
54355  429059
54358  429128
54359  429321
54360  429460
54361  429526
54363  429552
54365  429581
54458  429637
54459  429769
54461  429783
54462  429809
54466  429874
54472  429888
54501  429937
54579  429959
54583  429967
54585  429985
54586  430029
54588  430090
54589  430114
54731  430146
55316  430184
55318  430241
55319  430581
55320  430862
55321  430905
55322  430923
55323  431244
55324  431413
55325  431772
55326  431787
55327  431948
55328  434158
55329  434303
55331  434876
55333  434907
55334  435923
55335  436642
55336  437435
55337  437521
55338  437594
55339  437621
55340  437653
55341  437863
55472  437878
55473  438322
55474  438426
55475  438571
55476  438866
55478  439046
55479  439188
55480  439441
55482  441626
55483  441643
55484  442355
55485  442429
55487  443291
55489  443309
55490  443939
55491  446029
55493  446396
55495  446412
55496  446444
55589  446715
55593  446861
55597  447255
55603  449087
55613  449149
55628  449162
55629  449280
55630  449364
55631  449867
55632  450165
55634  451246
55636  451614
55638  451635
55639  451745
55640  454785
55641  454979
55642  457240
55643  457254
55645  457292
55646  457451
55647  458088
55651  458959
55759  459024
55827  459079
55843  459091
55863  459103
55866  459176
55867  459304
55868  459322
55869  459359
55870  459533
55871  459562
55873  459911
55874  461181
55875  461309
55876  461398
55879  462846
55881  463469
55882  463548
55886  463592
55887  463599
55979  463673
55983  463721
55987  463742
55993  463843
55999  463981
56003  464009
56004  464020
56097  464056
56100  464072
56103  464175
56105  464190
56107  464207
56109  464253
56113  464389
56114  464588
56115  464621
56119  464680
56252  464695
56253  464734
56254  464766
56255  464827
56256  464855
56257  464902
56258  464920
56262  464965
56263  465033
56264  465144
56265  465188
56269  465363
56270  465389
56271  465486
56850  465500
56858  465548
56994  465604
57006  465619
57010  465671
57149  465728
57151  465799
57152  465815
57153  465831
57160  465838
57162  465858
57163  465912
57395  465927
57541  465941
57595  465961
57617  465983
57620  465997
57621  466016
57635  466058
57784  466065
58358  466128
58359  466145
58360  466211
58361  466308
58362  466335
58363  466352
58364  466364
58365  466412
58368  466481
58369  466571
58370  466599
58371  466947
58372  467442
58373  467484
58375  467500
58376  467814
58377  468089
58378  468132
58379  468210
58380  468235
58381  468275
58383  468283
58397  468313
58493  468362
58514  468380
58516  468760
58517  468788
58518  468821
58520  468828
58521  468844
58522  468879
58525  468928
58526  469113
58527  469161
58528  469177
58529  469221
58531  469236
58532  469379
58533  469392
58534  469467
58535  469498
58603  469562
58681  469595
58682  469610
58683  469617
58689  469687
58808  469705
58869  469731
58873  469743
58874  469764
58904  469781
58906  469835
58907  469929
58908  469983
58909  470001
58910  470018
58911  470055
58912  470110
58914  470131
58915  470274
58916  470324
58917  470354
58918  470554
58919  470587
58921  470598
58922  470689
58923  471067
58924  471094
58926  471679
58961  471701
59002  471727
59071  471743
59118  471763
59138  471790
59139  471805
59140  471819
59142  471840
59144  471858
59145  471946
59146  471978
59148  472004
59149  472051
59150  472072
59151  472086
59155  472170
59156  472327
59157  472378
59159  472394
59163  472410
59181  472429
59191  472454
59333  472470
59880  472497
59881  472684
59882  473064
59883  473136
59884  473151
59885  473206
59886  473340
59887  473459
59888  473651
59889  473738
59890  473851
59891  474040
59892  474378
59894  474769
59896  474973
59897  475343
59899  475434
59900  475486
59901  475579
59903  475687
59904  475732
59926  475752
60013  475815
60035  475849
60036  475874
60037  475950
60038  476037
60039  476087
60040  476171
60041  476207
60042  476265
60043  476353
60045  476706
60046  476742
60047  477274
60048  477428
60049  477806
60050  477839
60052  477913
60054  478114
60055  478199
60056  478211
60152  478231
60156  478264
60160  478297
60166  478362
60172  478373
60191  478396
60192  478405
60193  478422
60194  478497
60195  478512
60196  478920
60197  478931
60201  479019
60202  479040
60203  479175
60204  479454
60205  479774
60206  479917
60208  479997
60209  480118
60210  480181
60212  480266
60215  480273
60216  480291
60308  480306
60322  480321
60355  480389
60426  480414
60427  480448
60428  480474
60429  480489
60430  480565
60431  480583
60436  480610
60438  480785
60439  480830
60440  480842
60442  480859
60443  481040
60444  481083
60445  481115
60446  481131
60581  481153
60583  481176
60660  481190
60661  481307
60663  481468
60664  481534
60665  481564
60666  481571
60667  481586
60669  481608
60670  481697
60671  481829
60672  481946
60674  481994
60676  482045
60680  482187
60737  482203
60741  482245
60745  482360
60751  482480
60817  482505
60818  482547
60821  482567
60826  482586
60827  482631
60828  482647
60833  482662
60837  482700
