2759
20555
14  174
15  67170
16  119791
17  222584
18  288479
19  337289
20  380123
21  409759
22  445586
23  497017
24  504914
25  510956
26  540610
27  596158
28  618849
29  646546
30  730340
31  734782
32  802220
33  914443
34  965421
35  993009
36  1007605
37  1035322
38  1035637
39  1038631
56  0
65  89
66  100
70  106
71  119
549  188
562  4335
563  11247
564  17323
567  22431
568  22500
570  24014
571  24073
572  29569
573  33253
577  47490
578  53118
579  58604
580  61192
581  64770
582  65954
583  66619
584  66864
585  66939
603  77844
613  96828
623  119315
638  119798
641  135673
642  135759
650  159604
652  159641
657  217137
677  222607
679  226027
681  226039
691  275100
694  280989
723  293711
727  294176
728  298283
729  302483
733  315136
734  316520
735  318749
739  323307
755  337295
759  344422
763  348634
766  355232
772  370941
774  376995
775  377012
794  380130
802  389598
806  394136
808  394367
814  406027
833  409767
837  418853
841  426102
847  429570
850  438439
852  438460
856  442231
872  445631
875  446337
877  447776
880  448262
883  448366
885  457172
888  493007
890  495034
891  496345
893  496907
895  497008
928  502287
956  506483
962  508972
968  510670
969  510682
970  510710
974  510876
989  510962
990  518584
993  518615
997  524229
1002  531607
1003  531616
1012  540108
1028  540616
1029  555576
1030  555606
1031  555630
1032  555695
1034  565578
1036  565610
1040  578797
1041  578860
1042  578952
1045  589974
1046  590010
1047  590102
1048  590141
1052  595348
1067  596313
1068  599865
1069  599897
1070  599921
1071  599942
1074  606263
1075  606282
1076  608523
1079  608540
1081  608602
1087  616848
1088  618609
1089  618623
1091  618670
1109  623603
1111  624122
1112  625360
1113  625380
1114  625485
1116  625813
1119  627193
1120  627954
1121  628107
1123  630569
1124  633975
1128  645724
1129  645998
1131  646503
1145  646579
1152  671793
1156  680980
1157  686333
1159  686478
1160  698005
1163  723469
1164  724860
1165  724935
1203  730365
1226  742371
1227  742380
1231  790100
1235  793835
1262  802289
1264  810257
1265  817636
1266  817657
1274  851132
1276  855447
1278  871215
1279  872623
1281  872796
1284  908534
1305  920302
1309  936695
1314  940196
1315  940211
1321  959775
1322  962977
1324  964608
1325  964620
1347  965719
1350  965724
1352  966243
1353  966434
1355  989391
1358  991829
1359  992420
1379  993084
1387  1000122
1397  1007274
1398  1007287
1418  1007652
1422  1014683
1426  1023435
1428  1028925
1439  1035255
1442  1035275
1496  1035684
1499  1036315
1500  1036333
1510  1037647
1513  1038307
2219  15
2249  33
2254  39
2405  45
2411  51
2521  57
2748  112
2830  138
2844  149
2904  163
21437  194
21854  210
21871  224
21893  244
21894  613
21895  790
21896  805
21897  1068
21900  1211
21901  1308
21902  1481
21904  1498
21906  1583
21907  1696
21910  2415
21911  2730
21913  3929
21917  4275
21932  4346
21934  4572
21935  8163
21936  8178
21939  8406
21940  8707
21942  8932
21944  9187
21945  9201
21946  9215
21948  9368
21949  9974
21951  10269
21952  11060
21971  11253
21974  11634
21975  12353
21978  12479
21979  12685
21980  12791
21983  13437
21985  14593
21988  15109
21989  15257
21990  15264
21991  15292
21992  15523
21993  17306
22016  17329
22027  17363
22028  17952
22049  18048
22054  18062
22055  19388
22057  19418
22060  19538
22063  19617
22066  19700
22068  19808
22088  20269
22089  20353
22092  20366
22094  20599
22095  21214
22096  21231
22099  21496
22101  21550
22102  21572
22105  21751
22108  22395
22127  22436
22131  22444
22134  22459
22141  22464
22145  22494
22169  22506
22177  22589
22178  22678
22179  22781
22183  22800
22184  23962
22205  23989
22246  24028
22252  24043
22283  24096
22284  24418
22285  24655
22286  24873
22287  24911
22288  25215
22289  25260
22290  25433
22291  25455
22293  25955
22294  26108
22295  27841
22297  27971
22298  28118
22300  28462
22301  28498
22302  28513
22303  29328
22304  29527
22305  29551
22322  29588
22323  30005
22324  30734
22326  30741
22330  31356
22334  31595
22335  31665
22336  31811
22337  32173
22340  32904
22342  32928
22343  33140
22346  33164
22361  33260
22363  34290
22364  34791
22365  34972
22367  35408
22368  36129
22369  36173
22371  36586
22374  36677
22375  37636
22379  37977
22380  38163
22381  41615
22382  41629
22384  41660
22385  41748
22417  41959
22420  41976
22439  41992
22441  42148
22443  42163
22446  42260
22447  42417
22450  42449
22452  42487
22453  42505
22454  43266
22456  46855
22458  47044
22498  47146
22517  47505
22518  47711
22519  48243
22520  49317
22521  49390
22523  49479
22525  49875
22527  50276
22529  50324
22531  50793
22534  50986
22535  51771
22536  51899
22537  53068
22538  53087
22556  53124
22557  53172
22558  53253
22560  53701
22563  53745
22564  53931
22566  54069
22567  54188
22568  54206
22571  54225
22574  54634
22575  57018
22576  58425
22580  58446
22599  58610
22602  58618
22606  58931
22607  59027
22609  59153
22612  59284
22614  59421
22619  61168
22635  61198
22636  61215
22637  61378
22639  61896
22640  61903
22644  62103
22645  62110
22647  62122
22651  62188
22652  62292
22653  62724
22657  64725
22673  64785
22674  65029
22677  65051
22681  65385
22687  65629
22693  65926
22712  65960
22716  66351
22717  66391
22719  66446
22720  66464
22722  66495
22725  66571
22726  66588
22729  66605
22755  66626
22758  66666
22759  66684
22762  66803
22765  66849
22790  66870
22794  66895
22804  66922
22829  66956
22833  66998
22837  67026
22843  67087
22848  67103
22849  67134
23376  67177
23377  67612
23378  69177
23380  69416
23381  69486
23382  69734
23383  69793
23385  70040
23386  70246
23387  71662
23388  71715
23390  73405
23392  73545
23393  75466
23394  76393
23395  77467
23397  77513
23399  77573
23400  77776
23416  77811
23430  77827
23531  77851
23533  79176
23534  79387
23535  79871
23536  80333
23537  80585
23538  80999
23539  81479
23540  81580
23542  81605
23543  82962
23544  83100
23547  84028
23548  84109
23549  84596
23550  85112
23552  85651
23553  85734
23555  85940
23668  85978
23687  85996
23688  86088
23689  86228
23690  86535
23691  86668
23692  86702
23693  86803
23697  87017
23698  87151
23699  87725
23700  87783
23701  88071
23702  89623
23704  89725
23705  90386
23706  90723
23708  91182
23709  91235
23712  91259
23804  91283
23807  92898
23808  92915
23812  93573
23818  94201
23824  95737
23825  96807
23921  96835
23922  97449
23923  97644
23924  97655
23925  97786
23926  97836
23927  97854
23928  98058
23929  98081
23932  98285
23933  98631
23934  98980
23935  99587
23936  101130
23938  101170
23939  101749
23940  101947
23941  102659
23942  103293
23943  103311
23944  103667
23945  103836
23946  104029
24038  104044
24042  105778
24046  107490
24052  109255
24058  111390
24156  112014
24157  112133
24158  112590
24160  112918
24161  113259
24163  113460
24166  113639
24167  114696
24168  114984
24169  115582
24170  115679
24172  115713
24173  117078
24174  118074
24178  118989
24179  119005
24180  119149
24299  119322
24315  119393
24317  119433
24322  119451
24326  119517
24328  119658
24329  119669
24330  119719
24333  119744
24897  119816
24898  120447
24899  120586
24901  120789
24902  120894
24903  120998
24904  121018
24905  121087
24906  121147
24907  121239
24908  122966
24909  123894
24911  126160
24913  127688
24914  131300
24915  132716
24916  134648
24917  135209
24918  135635
24920  135666
25001  135685
25032  135732
25052  135769
25054  135912
25055  135936
25060  136019
25063  136058
25064  136683
25065  136836
25066  138199
25069  138212
25070  138938
25071  138998
25076  139017
25169  139036
25173  143064
25177  145084
25180  147267
25183  147592
25186  148782
25189  149645
25208  150278
25210  150292
25211  150311
25214  150344
25219  150421
25221  150457
25223  150783
25225  150800
25226  151817
25227  151867
25229  152227
25325  152541
25328  155069
25329  155086
25333  156153
25339  157299
25345  158865
25430  159684
25442  159885
25443  160705
25444  160886
25445  161442
25446  161768
25447  162220
25448  162394
25449  162683
25450  162957
25452  163488
25453  163542
25454  166632
25455  176936
25456  197490
25457  198683
25458  199569
25459  199586
25460  202712
25461  203355
25462  203724
25463  207508
25464  208016
25466  208545
25467  208593
25501  208669
25559  208685
25563  210383
25567  212152
25573  213528
25579  215289
25583  216500
25617  217109
25641  217164
25645  217188
25677  217203
25678  217440
25679  217523
25680  217614
25681  217644
25684  217667
25687  217742
25688  218460
25689  218644
25691  218690
25693  218914
25694  220331
25695  220821
25832  221279
25833  221369
25834  221451
25835  221925
25838  221964
25839  221980
25843  222008
25844  222082
25845  222117
25847  222214
25850  222251
25851  222314
25871  222461
25875  222517
25990  222591
26418  222613
26419  222716
26420  222738
26422  222807
26423  222904
26425  222937
26427  223198
26428  223219
26429  223305
26430  223766
26432  224223
26434  224239
26435  224730
26436  224894
26437  225147
26438  225336
26439  225403
26441  225511
26442  225908
26573  226061
26574  226994
26575  227873
26576  231313
26577  231714
26578  232123
26579  234699
26580  235156
26581  235345
26582  235519
26584  235560
26585  237517
26586  239483
26587  241009
26588  241138
26590  243489
26591  244392
26592  247623
26593  249519
26594  249598
26595  251014
26596  251093
26704  251177
26729  251203
26730  252784
26731  252828
26732  253516
26733  253665
26734  254057
26735  254672
26736  255475
26739  255499
26740  255524
26741  255977
26742  256501
26743  256879
26744  257092
26746  257450
26747  258232
26748  272996
26749  273185
26750  273276
26752  274962
26754  275004
26776  275063
26924  275086
26963  275116
26964  275136
26965  275152
26966  275927
26967  276097
26969  276168
26971  276624
26974  276689
26975  276918
26976  277616
26977  277911
26978  278357
26980  278477
26981  278791
26982  278974
26983  279113
26984  279621
26985  279756
26986  280856
26988  280912
27080  281012
27084  282398
27088  283135
27094  283934
27098  284608
27100  284621
27104  285205
27197  285413
27198  285550
27199  285619
27200  285879
27201  285913
27202  286004
27203  286020
27207  286062
27208  286105
27209  286269
27210  286595
27211  286753
27212  286812
27214  287155
27215  287366
27216  287590
27275  287701
27279  287785
27283  287909
27357  287989
27361  288053
27363  288086
27366  288098
27371  288300
27482  288495
27515  288512
27940  288535
27944  288547
27955  288710
27956  289591
27957  289923
27958  290067
27959  290073
27978  290145
27991  290189
27997  290207
28018  290254
28023  290405
28027  290547
28030  290663
28034  291054
28036  291148
28041  291208
28058  291227
28059  291255
28061  291269
28063  291387
28069  291901
28074  291931
28075  291958
28077  292236
28105  292271
28111  292342
28138  292373
28172  293132
28176  293231
28178  293250
28186  293397
28189  293569
28196  293622
28253  293716
28255  293757
28256  293773
28259  294015
28269  294029
28289  294046
28293  294093
28332  294148
28336  294160
28367  294182
28368  294557
28370  294671
28371  294735
28372  297024
28375  297045
28377  297684
28378  297703
28379  297829
28381  297847
28385  298009
28387  298040
28388  298209
28389  298268
28406  298289
28407  298646
28408  300180
28410  300195
28413  300479
28414  300496
28420  300975
28421  301112
28426  302335
28445  302489
28447  302804
28448  304416
28449  305634
28450  305924
28451  306289
28452  307207
28453  307358
28454  307400
28456  307608
28457  308100
28458  308139
28459  308196
28461  308293
28462  308437
28463  308853
28464  309376
28465  311688
28466  311824
28470  312691
28486  312751
28497  312771
28530  312793
28531  312862
28537  313771
28540  313833
28541  313864
28582  313931
28601  315142
28602  315431
28605  315472
28607  315634
28609  315739
28613  315763
28614  315779
28615  315813
28618  316063
28619  316290
28620  316334
28621  316345
28642  316526
28644  317268
28650  317288
28652  317328
28654  317345
28655  317395
28656  317675
28657  317693
28658  317708
28659  317875
28679  318755
28681  318791
28683  318898
28686  318969
28687  319528
28693  319608
28696  319628
28699  319652
28703  319670
28720  319699
28723  319786
28724  319806
28729  319829
28733  319873
28735  320055
28736  320839
28737  320866
28757  320918
28761  321977
28765  322675
28771  323051
28800  323289
28835  323315
28836  324417
28837  324493
28839  326816
28840  327783
28842  327817
28843  328543
28849  329000
28850  329287
28851  333862
28854  333915
28855  336436
28878  336688
28882  337225
28891  337256
28927  337270
29460  337302
29461  337683
29462  338687
29465  338789
29466  338821
29467  338846
29469  339454
29470  339532
29471  340343
29472  340688
29476  341395
29477  342126
29478  342821
29479  343604
29480  343846
29481  344282
29482  344312
29483  344363
29484  344382
29506  344407
29615  344430
29616  345174
29617  345277
29618  345324
29619  345701
29623  346076
29626  346150
29627  346431
29628  346607
29632  346840
29633  347824
29634  348041
29635  348312
29636  348444
29637  348587
29640  348627
29771  348641
29772  348711
29773  349021
29774  349190
29775  349425
29776  349734
29777  349952
29780  350335
29782  350351
29783  351322
29784  351363
29785  352807
29788  352836
29789  354049
29790  354636
29792  354844
29794  354891
29796  355140
29824  355218
29888  355246
29892  357700
29896  358218
29902  359011
29908  360474
29912  361709
30005  361928
30007  362041
30008  362211
30009  362227
30011  362245
30013  362425
30015  362563
30016  362579
30017  363126
30018  363223
30019  363444
30022  364468
30023  369715
30025  369957
30027  370660
30028  370729
30029  370926
30122  370949
30126  372706
30130  374512
30136  375439
30142  376406
30146  376935
30242  377019
30243  377070
30244  377168
30245  377179
30248  377254
30249  377306
30250  377333
30251  377721
30252  377898
30256  378949
30257  379606
30258  379867
30264  380076
30981  380141
30983  380339
30984  380464
30986  380481
30988  380585
30991  380780
30992  381633
30993  382083
30994  382391
30995  382469
30997  382573
30998  383389
30999  384068
31000  384449
31001  384588
31002  384619
31004  384670
31005  384771
31136  384929
31138  385043
31140  385058
31146  385106
31147  385126
31148  385188
31149  385284
31150  387175
31153  388268
31154  388821
31155  389002
31160  389158
31253  389193
31257  389301
31267  389334
31292  389605
31293  389638
31295  389696
31297  389747
31298  389859
31303  390069
31304  390141
31305  390258
31306  390385
31309  390408
31310  390653
31311  390672
31313  390679
31317  390886
31409  390936
31413  392006
31417  392172
31423  392722
31429  393633
31433  393945
31487  394154
31491  394249
31501  394263
31507  394360
31526  394374
31527  394644
31529  394835
31530  395052
31532  395113
31534  395147
31537  395195
31539  395625
31540  395813
31541  396304
31543  396339
31544  396533
31545  396711
31546  396776
31547  396924
31548  397298
31551  397335
31643  397361
31647  401721
31651  402903
31657  403906
31663  405604
31667  406009
31760  406036
31761  406533
31764  406571
31765  406879
31768  406898
31771  407469
31772  407718
31773  407895
31775  408438
31777  408470
31778  408547
31779  408791
31784  408942
31785  408986
31846  409058
31928  409072
31929  409292
31931  409461
31933  409521
32502  409773
32503  410146
32504  410337
32507  410403
32508  410518
32509  410536
32510  411060
32511  411074
32512  411093
32513  411956
32514  412458
32516  414298
32518  414589
32519  417028
32520  417348
32521  417816
32522  418145
32523  418313
32525  418573
32526  418705
32554  418835
32644  418860
32657  418872
32658  421303
32659  421353
32660  421562
32661  421771
32662  421948
32663  422007
32664  422057
32665  422063
32668  422312
32669  423208
32670  423755
32672  423909
32674  424006
32675  425256
32676  425561
32678  425958
32679  425965
32680  425994
32681  426079
32813  426123
32814  426144
32815  426248
32816  426319
32817  426625
32819  426785
32822  427385
32823  427526
32824  427624
32825  427919
32826  428037
32828  428453
32830  428706
32831  428855
32832  429299
32834  429514
32835  429554
33047  429577
33048  429725
33049  429997
33050  430053
33051  430105
33053  430128
33055  430232
33057  430322
33058  430346
33059  431213
33060  432956
33061  434171
33062  434717
33064  435117
33065  436353
33066  437017
33067  437398
33068  438095
33069  438271
33182  438453
33282  438469
33283  438551
33284  438629
33285  438755
33286  438784
33287  438860
33288  439039
33289  439045
33292  439055
33293  439164
33294  440545
33298  441167
33299  441759
33300  442189
33383  442219
33437  442248
33438  442345
33439  442465
33440  442486
33441  443685
33443  443723
33449  443840
33452  443938
33454  445377
33455  445399
33457  445552
33527  445608
33597  445615
34073  445643
34074  445658
34104  445667
34108  446041
34114  446153
34124  446305
34139  446378
34143  446398
34147  447279
34150  447467
34153  447595
34163  447742
34222  447782
34225  447795
34235  447825
34260  447832
34267  447846
34269  447861
34270  448208
34276  448222
34342  448270
34416  448280
34420  448346
34461  448379
34462  448386
34490  449652
34491  450109
34498  450247
34502  450492
34505  451922
34507  457158
34517  457214
34529  457257
34530  458262
34531  458339
34532  462532
34533  466405
34534  467392
34535  470899
34536  471296
34537  472138
34538  472564
34539  473080
34540  473252
34541  473362
34542  473448
34543  474081
34544  474342
34545  474467
34546  474720
34547  474755
34548  479348
34549  489790
34550  489930
34551  492675
34571  492739
34581  492796
34587  492961
34588  492977
34590  492991
34685  493019
34689  493084
34693  493160
34695  493236
34699  493283
34702  493707
34703  495020
34724  495041
34727  495053
34735  495074
34736  495323
34737  495345
34738  495360
34741  495991
34742  496081
34743  496291
34750  496352
34763  496363
34765  496506
34767  496627
34770  496785
34771  496803
34781  496884
34849  496914
34855  496930
34865  496998
35544  497024
35545  497086
35546  497512
35549  497550
35551  497608
35553  497767
35554  497810
35555  497831
35556  498000
35558  498306
35560  498362
35561  498489
35563  498542
35564  498645
35565  498702
35567  498806
35568  498867
35699  498918
35703  499025
35704  499111
35710  499135
35712  499267
35713  499283
35716  499410
35717  499569
35718  499658
35721  499928
35856  500147
35860  500178
35861  500193
35866  500260
35867  500277
35868  500342
35874  500536
35876  500600
36089  500629
36090  500685
36091  500827
36092  500924
36093  500939
36095  500967
36096  501057
36097  501123
36099  501367
36100  501513
36102  501661
36106  501686
36107  501704
36108  501773
36109  501796
36110  502069
36111  502128
36113  502153
36323  502300
36324  502313
36326  502406
36329  502824
36331  503005
36332  503185
36333  503207
36334  503249
36335  503311
36336  503521
36338  504099
36340  504121
36341  504377
36342  504719
36344  504767
36346  504814
37065  504921
37069  504962
37071  504978
37074  504989
37075  505003
37076  505047
37077  505096
37078  505224
37079  505260
37081  505276
37083  505359
37088  505429
37089  505444
37220  505470
37224  505561
37226  505731
37228  505749
37231  505765
37233  505793
37235  505971
37237  505984
37239  506094
37244  506199
37337  506517
37378  506559
37379  506723
37380  507016
37386  507030
37387  507050
37388  507442
37389  507514
37390  508387
37391  508422
37393  508446
37394  508474
37395  508596
37397  508836
37493  508852
37497  508919
37507  508939
37571  509012
37575  509075
37579  509291
37585  509729
37591  510327
37610  510362
37612  510401
37621  510419
37623  510434
37624  510498
37627  510528
37629  510579
37630  510601
37727  510619
37741  510632
37751  510650
37823  510700
37856  510717
37861  510741
37862  510800
37866  510826
37930  510845
38014  510891
38017  510909
38020  510936
38586  510991
38587  511696
38588  512159
38590  512580
38591  512676
38593  512804
38595  512844
38597  512956
38598  513604
38599  514852
38600  514865
38602  515179
38603  515496
38604  515883
38605  516480
38606  517224
38607  517479
38608  518067
38609  518164
38610  518432
38642  518604
38741  518622
38742  520233
38743  520276
38744  520496
38745  520559
38746  520629
38747  520838
38749  522061
38753  522104
38754  522184
38755  522602
38756  522666
38759  522790
38760  523070
38761  523474
38762  523568
38763  524103
38764  524115
38897  524236
38898  524397
38899  525215
38900  525610
38901  525628
38902  525771
38903  526280
38907  526955
38908  527313
38909  527380
38910  528025
38911  529019
38912  529116
38913  529302
38914  529763
38915  529786
38916  530118
38918  531000
38922  531501
39014  531567
39131  531623
39132  531982
39133  532328
39134  533103
39136  533227
39137  533388
39138  534000
39139  534024
39142  534129
39143  534340
39144  534354
39145  535192
39146  535879
39147  535978
39148  536031
39149  536241
39150  536399
39151  536526
39152  536814
39153  537050
39154  537311
39155  537319
39156  537434
39329  537458
39365  537472
39366  537486
39367  537654
39368  537921
39370  538046
39371  538060
39375  538194
39376  538215
39377  538325
39378  539035
39380  539451
39382  539485
39383  539642
39384  539901
39388  539944
39505  540121
39523  540150
39525  540170
39529  540177
39533  540210
39534  540347
39536  540428
39538  540450
39539  540564
40093  540644
40108  540656
40109  541475
40110  541949
40112  541991
40113  543290
40114  543317
40115  544147
40116  544423
40117  544721
40118  545935
40119  546231
40120  549111
40121  549144
40122  549314
40123  549330
40124  551812
40125  553139
40126  554685
40127  554837
40128  554930
40129  554955
40130  555266
40131  555549
40205  555613
40242  555668
40262  555712
40264  556801
40265  557104
40266  558439
40268  558600
40270  559180
40272  559238
40273  559257
40274  559856
40275  560531
40276  561368
40279  561398
40280  562520
40281  563199
40284  565412
40285  565420
40287  565555
40418  565644
40420  565681
40421  567462
40422  568715
40423  568737
40424  568751
40428  569214
40429  569239
40430  570826
40431  571014
40432  573568
40433  573578
40435  573590
40436  573821
40437  578256
40441  578548
40443  578757
40578  578833
40617  578878
40652  578984
40653  579059
40654  579404
40655  579577
40658  580848
40659  580866
40660  580939
40663  581129
40664  581832
40665  582090
40666  584892
40667  585384
40669  585520
40670  586706
40671  586994
40672  588448
40673  589501
40674  589841
40677  589909
40698  589936
40777  589986
40787  589999
40814  590035
40826  590057
40827  590074
40851  590127
40888  590148
40889  590326
40891  590649
40892  590775
40896  590909
40897  590946
40898  592671
40899  592902
40901  593243
40903  593277
40904  593598
40905  594701
40911  595301
41042  595355
41044  595375
41046  595448
41056  595467
41059  595603
41060  595708
41061  595993
41200  596174
41201  596202
41205  596227
41207  596250
41210  596271
41222  596295
41628  596319
41629  596356
41630  596408
41633  596424
41635  596515
41637  596672
41639  596728
41640  596942
41642  597048
41644  597280
41645  597853
41646  598068
41647  599191
41648  599427
41651  599763
41652  599793
41666  599883
41783  599973
41784  600244
41785  600306
41787  600899
41788  601347
41789  601374
41791  602316
41794  602643
41795  602660
41797  602727
41798  603227
41800  603357
41801  603567
41802  603787
41803  604203
41804  604946
41805  605032
41806  606191
41939  606289
41940  606328
41941  606415
41943  606753
41944  606782
41945  606798
41946  607357
41947  607404
41950  607421
41951  607461
41952  607520
41953  608017
41954  608041
41958  608133
41962  608497
42138  608560
42156  608581
42173  608621
42174  608634
42175  608880
42176  608923
42177  609090
42180  609102
42181  609118
42185  609301
42186  609656
42187  613864
42188  614024
42190  614036
42191  614987
42192  615255
42193  616298
42194  616474
42195  616724
42196  616787
42198  616806
42375  616839
42407  616855
42408  616910
42409  616917
42410  617072
42413  617178
42415  617211
42417  617254
42418  617279
42419  617363
42420  617878
42422  617896
42424  617915
42425  618175
42426  618191
42432  618593
42503  618638
42565  618698
42574  618719
42575  618754
42643  618856
42645  618876
42648  618886
43158  618902
43165  618920
43166  618991
43167  619024
43187  619081
43190  619103
43191  619141
43192  619366
43195  619421
43196  619516
43198  619910
43200  620381
43201  620406
43205  620420
43206  621833
43208  622059
43228  622155
43230  622939
43233  623237
43234  623263
43240  623282
43245  623307
43268  623613
43269  623773
43273  623822
43279  623871
43280  624032
43289  624046
43307  624065
43321  624103
43345  624129
43347  624142
43348  624156
43362  625271
43399  625366
43421  625400
43429  625418
43433  625436
43434  625454
43435  625468
43439  625478
43471  625491
43473  625769
43507  625790
43538  625842
43546  625945
43549  625969
43555  625995
43580  626009
43581  626186
43582  626280
43585  626307
43595  626472
43601  626505
43616  626673
43617  626706
43620  626731
43624  626807
43629  626957
43656  627201
43657  627220
43659  627410
43661  627509
43663  627531
43666  627562
43672  627640
43673  627665
43674  627774
43675  627887
43677  627902
43679  627939
43697  627960
43701  627977
43706  627993
43708  628024
43709  628045
43719  628057
43733  628113
43737  628177
43740  628880
43741  629051
43744  629231
43747  629245
43748  629265
43751  629977
43752  629984
43753  630514
43811  630590
43812  630854
43813  631017
43814  631356
43815  631759
43816  631840
43817  631847
43819  632535
43822  633123
43824  633161
43825  633389
43826  633439
43828  633586
43830  633592
43835  633961
43850  633985
43852  634016
43857  634294
43861  634315
43862  634329
43865  634386
43868  634403
43869  634494
43896  634935
43897  635060
43903  635074
43908  635124
43930  635191
43934  635203
43941  635229
43945  635258
43946  635324
43947  635408
43967  638783
43971  638889
43975  645550
43981  645596
43987  645668
44010  645730
44014  645754
44017  645786
44019  645886
44045  646005
44047  646047
44049  646065
44050  646079
44053  646131
44064  646315
44069  646333
44088  646454
44102  646468
44137  646530
44252  646562
44670  646606
44671  646623
44672  647354
44673  647595
44675  647626
44676  647891
44677  647897
44678  648469
44679  648507
44680  648530
44681  649630
44682  649768
44684  651096
44686  651734
44687  656711
44688  657878
44689  659823
44690  659981
44691  660136
44693  660326
44765  660733
44805  660746
44825  660776
44826  661523
44827  661556
44828  661894
44829  662478
44830  662810
44831  662836
44834  662940
44835  662968
44836  662986
44837  663182
44838  663203
44839  664617
44840  664831
44842  665072
44843  670551
44844  670827
44847  671768
44931  671806
44942  671828
44946  672399
44950  672701
44953  673393
44956  673431
44959  675104
44966  675227
44981  675693
44983  675864
44984  676836
44985  676902
44987  677281
44991  677814
44992  677863
44993  678541
44994  678600
44995  679551
44996  679682
44997  679870
44998  679915
44999  680023
45000  680199
45002  680741
45004  680794
45006  680827
45081  680963
45098  680990
45102  684001
45106  684874
45112  684999
45118  685310
45122  686268
45180  686344
45215  686485
45217  686552
45218  686861
45219  686930
45221  687069
45223  687084
45225  687572
45226  687703
45227  690951
45228  691196
45229  691856
45230  692133
45232  692896
45233  694264
45234  696241
45235  696880
45236  697353
45237  697446
45238  697997
45332  698017
45336  699123
45340  708229
45346  710784
45352  723150
45356  723444
45371  723480
45375  723545
45379  723741
45385  723805
45390  723832
45395  723862
45424  724880
45428  724902
45434  724928
45450  724942
45451  725538
45452  725587
45453  725689
45454  725739
45455  725852
45459  725908
45460  725921
45461  726471
45462  726724
45464  727656
45466  727809
45467  729294
45468  729644
45474  729860
45611  730008
45614  730024
45616  730045
45619  730062
45622  730086
45624  730321
46209  730348
46955  730385
46970  730402
46974  732333
46978  733198
46984  734512
47290  734788
47712  734809
47713  735075
47714  735853
47716  737066
47717  737207
47718  737469
47719  737475
47720  738442
47721  738462
47722  738542
47723  738657
47724  739051
47726  739861
47728  740408
47729  740526
47730  740710
47731  741754
47732  741789
47733  742095
47734  742173
47735  742181
47736  742224
47855  742405
47867  742437
47868  746238
47869  747035
47870  753777
47871  756065
47872  756864
47873  760165
47874  762116
47875  762694
47876  764725
47877  765239
47878  765362
47879  767504
47880  769665
47881  770975
47882  771400
47883  776249
47884  776719
47885  776943
47886  783082
47887  785704
47888  785984
47889  788947
47890  789297
47892  789305
47984  789329
47988  789408
47992  789578
47998  789744
48004  789881
48008  789900
48024  790117
48025  790343
48026  790587
48028  791108
48029  791332
48034  791953
48035  791978
48036  792138
48037  792438
48038  792551
48041  792828
48042  793143
48043  793319
48044  793341
48047  793798
48257  793844
48258  794433
48259  794865
48260  795321
48261  795488
48263  795531
48265  795656
48268  795700
48269  796184
48270  796728
48271  796745
48272  797343
48275  797486
48276  797785
48277  798211
48278  798969
48279  799047
48281  799226
48456  799380
48492  799389
48493  799786
48494  799831
48495  800062
48496  800106
48497  800185
48499  800272
48502  800404
48503  800627
48504  801102
48506  801396
48508  801491
48509  801506
48510  801999
48569  802168
48647  802188
48651  802213
48805  802236
48806  802264
49233  802296
49234  802566
49235  803107
49236  803461
49237  803491
49238  803886
49239  804003
49240  804037
49242  804441
49243  804466
49244  805881
49245  806155
49246  807335
49247  807385
49249  807611
49250  807913
49251  808102
49252  809023
49253  809313
49254  809859
49255  809999
49256  810118
49310  810281
49314  811951
49317  812183
49318  813486
49321  813852
49324  813908
49327  815208
49330  817073
49334  817621
49388  817672
49389  819067
49390  819093
49391  820527
49392  820935
49394  821581
49396  821827
49399  822138
49400  822804
49401  823987
49402  825449
49403  825477
49404  826056
49405  826448
49406  827440
49407  827584
49409  827918
49410  828499
49411  828621
49412  828904
49485  828928
49505  828941
49509  831607
49513  833008
49519  834426
49522  837248
49525  837998
49529  838558
49545  838663
49546  838739
49547  838991
49548  839597
49549  839806
49550  839866
49555  840841
49556  841690
49557  842576
49558  843429
49559  843441
49561  843561
49562  843720
49563  843850
49567  844148
49569  844483
49622  844696
49626  844865
49630  845375
49636  846440
49642  846472
49646  846586
49661  846998
49665  848049
49669  848727
49675  849739
49681  850577
49685  851058
49700  851170
49704  851671
49708  851908
49714  852185
49720  852858
49739  853092
49743  853789
49747  854007
49753  854326
49759  855237
49778  855454
49779  855727
49780  855976
49781  856842
49783  856932
49784  857282
49786  857297
49787  857375
49789  857394
49790  858778
49791  859234
49792  859572
49793  859754
49795  860015
49796  860454
49798  860467
49799  861647
49800  861830
49802  861943
49817  862016
49821  863345
49824  865924
49825  866124
49828  867354
49831  867981
49834  869697
49837  870781
49841  871124
49876  871225
49895  872636
49903  872649
49938  872739
49945  872760
49956  872775
49973  872816
49977  878268
49981  881371
49987  883009
49990  885699
49991  890291
49993  890313
49997  891570
50012  891968
50013  892000
50014  896737
50015  897448
50016  897535
50017  897603
50018  898081
50020  898474
50022  898815
50023  898862
50024  899244
50025  899921
50027  901317
50029  905424
50030  907647
50031  908471
50090  908549
50094  909268
50098  910188
50104  911288
50110  911640
50170  911665
50171  911714
50179  911746
50180  912028
50181  912958
50183  914079
50185  914116
50186  914249
50754  914450
50755  915094
50756  915452
50758  915497
50759  915550
50760  915659
50761  915681
50763  916245
50764  916546
50765  917218
50766  917502
50767  918319
50768  918326
50770  918593
50771  919119
50772  919483
50773  919695
50774  919814
50775  919849
50776  919873
50777  920267
50909  920309
50911  921011
50912  921697
50913  921803
50914  922144
50919  922161
50920  922187
50921  924551
50922  925521
50924  926732
50925  926776
50926  926798
50927  928188
50928  928729
50932  928929
50934  929168
51026  929187
51030  929793
51034  931846
51040  933059
51043  933844
51046  935576
51048  936501
51050  936601
51065  936722
51066  936740
51067  936767
51068  937168
51069  937351
51070  937466
51071  937477
51075  937849
51076  937885
51077  938105
51078  938625
51080  939225
51082  939490
51083  939738
51084  939837
51090  940181
51287  940218
51299  940259
51300  940446
51302  940550
51303  940653
51304  940781
51305  940827
51307  940987
51309  941151
51310  941285
51311  941641
51312  942024
51313  942529
51314  943164
51316  943877
51317  944699
51318  944805
51319  945257
51321  945913
51322  946335
51323  946553
51416  946685
51420  953036
51424  954687
51430  957319
51436  958441
51440  959608
51455  959696
51459  959707
51475  959730
51533  959789
51534  959812
51535  960051
51537  960114
51538  960185
51539  960245
51541  960329
51544  960372
51545  960405
51546  960763
51550  961271
51551  962578
51552  962776
51556  962927
51590  962989
51611  963002
51615  963055
51619  963381
51625  964002
51691  964627
51693  964664
51697  964687
51699  964720
51701  964732
51704  964754
51706  965298
51824  965428
51855  965450
51863  965466
52321  965524
52394  965577
52483  965591
52508  965605
52515  965626
52519  965632
52681  965736
52684  965757
52705  965783
52722  965814
52743  966249
52757  966330
52781  966452
52782  968123
52783  968735
52784  970814
52785  976024
52786  977087
52787  978197
52788  978420
52789  978855
52790  981536
52791  981673
52792  981839
52793  982359
52794  982752
52795  982969
52796  983233
52797  984240
52798  984418
52799  985706
52800  987756
52801  988527
52802  988623
52803  988786
52805  989365
52847  989398
52860  989502
52861  989568
52862  989590
52864  989680
52865  989699
52866  989801
52868  989984
52869  990001
52870  990018
52871  990102
52873  990148
52874  990162
52876  990295
52877  990536
52878  991003
52881  991116
52937  991173
52938  991248
52939  991430
52941  991465
52943  991505
52945  991626
52950  991719
52951  991726
52957  991807
52976  991847
52980  991913
52983  992088
52984  992158
52994  992193
52995  992215
52996  992230
53015  992431
53019  992446
53023  992528
53027  992734
53029  992752
53034  992880
53345  993026
53797  993099
53801  993787
53803  994071
53806  994155
53807  994964
53808  995030
53810  995473
53811  995768
53812  995789
53813  996481
53814  996683
53815  996735
53818  996873
53951  996900
53953  996912
53955  996928
53957  996983
53958  997186
53959  997319
53962  997476
53964  997590
53968  998445
53969  999600
53970  999814
53974  1000046
54107  1000144
54108  1000280
54109  1000527
54110  1001220
54111  1001592
54113  1001856
54117  1002055
54118  1002105
54120  1002446
54121  1002854
54122  1003249
54124  1003296
54125  1003946
54126  1004639
54128  1004940
54130  1005083
54132  1005099
54343  1005116
54344  1005494
54347  1005526
54349  1005556
54352  1005816
54353  1006531
54354  1006568
54355  1006598
54358  1006615
54360  1006690
54361  1006804
54363  1006868
54364  1007061
54365  1007069
54586  1007301
54739  1007589
54908  1007628
55317  1007677
55318  1007695
55319  1007749
55321  1007900
55322  1008058
55323  1008443
55324  1008458
55326  1008850
55327  1009038
55328  1009911
55329  1009928
55331  1010372
55333  1010417
55334  1011826
55335  1012594
55336  1014134
55337  1014157
55339  1014407
55340  1014552
55402  1014660
55459  1014690
55472  1014705
55473  1015991
55475  1016098
55476  1016274
55477  1016655
55480  1016667
55483  1017068
55485  1018398
55487  1018502
55489  1018515
55490  1018549
55491  1018910
55496  1019118
55589  1019139
55593  1019490
55597  1020210
55603  1022636
55613  1023427
55630  1023453
55631  1023578
55632  1024040
55633  1024120
55634  1024132
55639  1024262
55640  1025286
55641  1025323
55643  1027177
55645  1027290
55646  1027566
55647  1028054
55649  1028787
55653  1028848
55845  1028943
55863  1028963
55865  1029030
55866  1029046
55872  1029126
55873  1029160
55874  1029361
55875  1029497
55876  1029915
55877  1030888
55879  1030906
55882  1033048
55883  1033254
55884  1033306
55979  1033354
55983  1033689
55987  1034304
55993  1034814
55999  1035161
56003  1035175
56040  1035215
56109  1035235
56121  1035248
56266  1035299
56377  1035354
56386  1035384
57006  1035459
57305  1035550
57784  1035567
57794  1035614
57908  1035644
57909  1035666
58360  1035690
58365  1035835
58368  1035841
58369  1035859
58370  1035871
58371  1035900
58373  1036000
58375  1036056
58380  1036235
58514  1036340
58521  1036656
58525  1036662
58526  1037273
58527  1037289
58529  1037327
58531  1037334
58532  1037341
58533  1037479
58536  1037499
58673  1037506
58674  1037524
58685  1037614
58907  1037654
58910  1037670
58914  1037702
58915  1037791
58917  1037817
58921  1037842
58922  1037978
58924  1038003
58926  1038288
59039  1038323
59140  1038332
59144  1038367
59148  1038420
59149  1038437
59150  1038469
59151  1038535
59153  1038551
59157  1038612
59880  1038638
59885  1038659
59887  1038681
59891  1038697
59892  1038717
59894  1038753
59896  1038816
60035  1038830
60036  1038990
60048  1039023
60050  1039055
60052  1039071
60053  1039190
60197  1039220
60202  1039319
60203  1039356
60204  1039403
60205  1039433
60206  1039447
60208  1039600
60215  1039655
60428  1039670
60437  1039690
60438  1039725
60439  1039797
60442  1039945
60447  1039966
60672  1039981
60676  1040001
60821  1040018
