741
1596
15  0
16  1680
17  4628
19  7211
20  8226
23  10911
24  10923
26  13309
27  15593
29  18810
32  22338
33  28035
35  34408
37  35688
39  36911
600  188
603  502
610  715
617  1395
618  1405
623  1673
642  1684
645  2388
648  3614
649  3914
656  4249
657  4259
662  4519
680  4632
681  4928
683  5046
688  5343
695  5622
701  7133
759  7240
760  7273
766  7686
773  7978
774  7988
779  8212
798  8275
800  8439
801  8951
805  9597
806  9955
807  10064
812  10493
818  10694
851  10907
954  10927
968  11081
974  11091
990  11140
991  11222
992  11306
993  11390
994  11483
995  11561
998  12055
999  12100
1000  12178
1001  12333
1002  12415
1004  12662
1006  12744
1007  12816
1008  12894
1010  12978
1012  13060
1013  13146
1014  13231
1029  13429
1030  13568
1031  13743
1032  13827
1033  14970
1043  15347
1046  15509
1052  15587
1069  15668
1070  15754
1071  15838
1073  15959
1077  16640
1085  16758
1086  16836
1090  18583
1091  18652
1149  18834
1150  18883
1156  19297
1160  19646
1163  20101
1164  20253
1169  20501
1264  22358
1266  23771
1269  24378
1270  24602
1272  25756
1273  25906
1274  26033
1277  26371
1280  26526
1286  27972
1305  28052
1308  28746
1312  31206
1319  31810
1320  31939
1325  34361
1383  34439
1397  34719
1403  34732
1461  35693
1468  35826
1476  36002
1481  36175
1539  36915
1547  37049
1559  37210
23377  4
23385  62
23388  95
23392  120
23395  145
23415  192
23418  205
23422  242
23425  330
23432  490
23438  495
23534  506
23544  512
23548  551
23549  608
23550  613
23691  627
23700  673
23808  722
23812  793
23818  892
23828  931
23932  939
23935  991
23938  1016
23941  1079
23943  1108
24038  1133
24042  1189
24046  1252
24052  1333
24062  1387
24081  1400
24120  1409
24124  1448
24130  1493
24134  1504
24166  1509
24172  1540
25052  1688
25055  1904
25063  1910
25065  1978
25069  2121
25070  2195
25076  2314
25173  2393
25177  2455
25188  2550
25193  2656
25208  2664
25209  2955
25210  3052
25211  3084
25212  3138
25219  3184
25221  3252
25226  3308
25227  3380
25233  3559
25290  3618
25294  3655
25297  3743
25304  3902
25310  3907
25329  3921
25333  3969
25349  4062
25453  4070
25454  4081
25559  4098
25563  4132
25567  4157
25583  4241
25602  4254
25641  4264
25645  4302
25651  4397
25655  4505
25661  4511
25836  4526
25840  4533
25850  4566
26538  4636
26542  4675
26545  4763
26552  4916
26558  4921
26573  4932
26576  4943
26584  4983
26590  5013
26591  5041
26655  5050
26659  5089
26675  5177
26729  5184
26733  5193
26742  5239
26747  5281
26850  5350
26854  5401
26864  5485
26870  5493
26975  5501
26985  5518
27084  5535
27088  5560
27104  5614
27123  5627
27197  5632
27357  7140
27365  7147
27366  7186
29477  7215
29618  7244
29632  7250
29633  7268
29658  7277
29662  7309
29665  7397
29672  7564
29678  7569
29775  7576
29784  7644
29892  7692
29896  7744
29902  7828
29906  7842
29912  7850
30019  7858
30022  7871
30126  7891
30130  7916
30146  7970
30165  7983
30204  7993
30208  8103
30218  8198
30224  8204
30399  8219
30992  8230
30997  8242
31005  8259
31136  8279
31139  8288
31149  8294
31153  8414
31154  8432
31218  8443
31222  8480
31225  8568
31238  8944
31253  8955
31257  9016
31261  9026
31265  9077
31271  9115
31272  9120
31292  9368
31296  9509
31305  9555
31413  9604
31417  9828
31427  9939
31433  9947
31452  9959
31456  9996
31466  10051
31472  10056
31491  10068
31495  10105
31501  10150
31505  10205
31511  10210
31537  10217
31539  10225
31643  10245
31647  10424
31651  10431
31667  10485
31686  10498
31760  10503
31768  10521
31771  10636
31924  10701
32512  10734
32518  10746
32521  10759
32522  10776
32657  10792
32665  10829
32668  10841
32674  10857
32824  10871
33058  10882
33061  10895
35717  10915
37223  10931
37237  10937
37238  10955
37380  10960
37389  11006
37770  11086
38587  11098
38598  11129
38628  11145
38632  11187
38642  11216
38667  11227
38671  11271
38681  11300
38706  11311
38710  11355
38720  11384
38744  11393
38758  11398
38759  11414
38760  11442
38761  11467
38784  11488
38788  11526
38798  11555
38823  11566
38827  11610
38837  11639
38897  11645
38901  11872
38902  11914
38907  11986
38910  11997
38915  12043
38940  12060
38979  12105
38983  12143
38993  12172
39018  12182
39022  12219
39038  12326
39057  12338
39061  12380
39071  12409
39096  12420
39100  12462
39110  12491
39137  12497
39153  12656
39174  12667
39178  12709
39188  12738
39252  12751
39256  12779
39266  12808
39291  12821
39295  12865
39330  12899
39334  12943
39344  12972
39408  12983
39412  13025
39422  13054
39486  13066
39490  13115
39525  13152
39529  13158
39564  13236
39568  13280
40109  13312
40113  13325
40116  13337
40119  13352
40121  13392
40123  13407
40149  13433
40153  13472
40163  13563
40188  13573
40191  13617
40192  13708
40202  13737
40227  13748
40231  13792
40241  13821
40262  13831
40265  13846
40273  13862
40275  13906
40279  14807
40280  14836
40281  14840
40305  14975
40309  15016
40319  15045
40422  15051
40431  15093
40437  15188
40617  15199
40621  15217
40624  15246
40631  15257
40665  15262
40666  15289
40671  15309
40672  15325
40695  15352
40698  15394
40699  15474
40709  15503
40812  15514
40816  15558
41630  15596
41633  15609
41646  15642
41647  15657
41709  15674
41713  15718
41723  15747
41748  15759
41752  15803
41762  15832
41786  15841
41794  15846
41797  15921
41800  15930
41801  15946
41865  15964
41869  16007
41879  16058
41880  16096
41881  16261
41885  16324
41939  16332
41942  16544
41943  16559
41952  16601
42021  16646
42025  16693
42035  16724
42184  16731
42190  16742
42333  16763
42337  16807
42372  16841
42376  16864
42386  16893
42407  16899
42411  18418
42421  18455
42424  18490
42528  18590
42532  18619
42571  18658
42575  18731
44686  18814
44826  18838
44828  18854
44842  18860
44843  18878
44868  18887
44872  18924
44882  19012
44888  19017
44946  19024
44950  19070
44960  19178
44966  19183
44985  19190
44994  19237
45098  19304
45102  19355
45106  19447
45116  19493
45122  19501
45226  19593
45232  19608
45258  19650
45262  19686
45265  19774
45272  19981
45278  19986
45336  19993
45340  20018
45356  20093
45375  20106
45379  20150
45395  20245
45410  20258
45414  20291
45418  20329
45428  20487
45434  20493
46974  20508
46978  20577
46984  20639
47712  20662
47722  20762
47723  20791
47724  20807
47870  20950
47871  20970
47880  20981
47884  21098
47885  21113
48026  21117
48036  21139
48257  21184
48269  21195
48270  21241
48274  21287
48374  21317
48378  21586
48382  21749
48388  21797
48394  21916
48398  22020
48494  22110
48502  22121
48503  22162
48504  22192
48508  22223
48666  22253
49235  22342
49314  22362
49318  22888
49324  23712
49334  23763
49388  23775
49390  24051
49391  24088
49399  24094
49401  24112
49402  24260
49405  24323
49406  24341
49412  24360
49509  24383
49513  24439
49525  24563
49529  24594
49544  24609
49545  24854
49546  24947
49547  25069
49548  25094
49550  25140
49557  25158
49558  25213
49562  25503
49563  25577
49569  25682
49626  25761
49630  25797
49640  25892
49646  25898
49665  25913
49669  25965
49679  26017
49685  26025
49704  26040
49708  26053
49718  26117
49790  26125
49791  26170
49793  26292
49821  26376
49825  26412
49835  26486
49841  26493
49899  26501
49938  26530
49942  26569
49945  26657
49958  26790
49973  26797
49977  26827
49981  27164
49984  27621
49987  27753
49991  27800
49997  27806
50012  27814
50020  27882
50029  27940
50172  27979
50176  27986
50186  28019
50766  28039
50909  28056
50911  28103
50912  28140
50920  28180
50922  28198
50923  28389
50926  28492
50927  28629
50929  28662
50933  28728
51030  28751
51034  28814
51037  28909
51038  28948
51044  29078
51050  29084
51065  29092
51066  29549
51067  29641
51069  29823
51076  29869
51078  29887
51079  29943
51083  30954
51086  31028
51090  31132
51186  31213
51190  31274
51200  31328
51206  31336
51305  31344
51312  31358
51321  31473
51420  31497
51424  31532
51430  31668
51440  31802
51459  31815
51462  31820
51494  31943
51498  31968
51502  32002
51505  32090
51508  32226
51512  32299
51518  32304
51533  32311
51544  33906
51546  33964
51547  34081
51550  34139
51552  34240
51693  34368
51697  34375
53806  34412
53954  34443
53968  34461
53969  34479
54107  34484
54111  34506
54118  34560
54120  34572
54358  34614
54462  34632
54466  34657
54482  34711
54579  34724
55317  34739
55327  34832
55328  34891
55329  34907
55333  35050
55335  35061
55340  35076
55475  35082
55480  35102
55483  35114
55485  35139
55489  35256
55490  35271
55630  35275
55639  35285
55641  35301
55874  35346
55875  35392
55876  35438
55879  35456
56107  35502
56108  35543
56113  35573
56271  35603
56996  35698
57010  35704
57011  35724
57153  35732
57162  35781
57270  35834
57274  35890
57284  35947
57290  35956
57430  35965
57582  36008
57586  36057
57596  36159
57602  36166
58359  36183
58369  36276
58370  36305
58371  36321
58375  36464
58517  36487
58527  36507
58531  36624
58532  36639
58683  36643
58916  36688
58917  36734
58921  36780
59149  36810
59150  36851
59155  36881
60038  36919
60046  36925
60052  36936
60053  36954
60195  36961
60204  37007
60351  37056
60355  37108
60365  37162
60371  37170
60438  37180
60442  37192
